,log2FC_A549,log2FC_BXPC3,log2FC_HAP1,log2FC_HT29,log2FC_K562,log2FC_MCF7
AHR,0.46613607946226493,0.714254713258447,-0.28236337611186313,-0.8188460071875446,2.799365594404676,1.6005901989666023
AP1,1.7650392910759516,-2.819400085739589,-1.208429353642621,-1.679648749316357,-0.25206107076683787,-0.4159053823419444
APEX1,-1.8225827605475113,1.4120263401280932,-0.42471785580809723,-0.004117184336748295,-0.4099081908777285,-0.3978368995585628
AR,-0.8430971306230396,-2.5350039234291524,-0.2278850015748594,-0.9116294255761682,1.1402184124814212,0.32294912763067934
ARNT,-0.7485717423200686,0.5034750106268125,-0.4331087847717357,0.5983168626998737,-0.39182887713318454,-1.9375779748489923
ASCL1,-0.1567748242588627,2.7660220942856117,0.5317608396660494,0.47988302540078837,1.3085364390352248,1.049983402676996
ATF1,3.0137158027495548,-0.5468425887165518,-0.9434242111530635,-0.5797111638409759,1.6824237179311947,-0.14280028206327716
ATF2,0.9142942346230193,-1.457688575795068,2.1579192130968066,1.1224899582882488,1.4851096243589388,0.01939428297563975
ATF3,-1.7828063216056573,-0.3450350010956291,-1.0268116824075315,0.4739974972544848,-0.31050589066031153,-0.37627263604941846
ATF4,1.671383049268359,-1.611832055582412,-0.23435111566908934,-0.3128030028184284,-0.08033209911455402,-2.537010882317932
ATF5,-0.24167220660526323,-1.0874370853315682,-0.11889730878943632,-0.541541945137081,-0.233688092107111,-1.03654028520484
ATF6,-0.9127139307580115,-2.1242541062809384,-1.0748860464102166,-0.7715266118536015,-1.1460298378983163,-0.41391330184797603
BCL3,0.7287504023580202,2.1677384559347153,0.046783199451043415,-0.9914521022850985,1.6832669338979835,0.9531757501614374
BCL6,-1.0135594535484884,-0.18509063582564672,-0.8203274776016514,0.18796314839417236,-0.2561953972224954,-0.7274837470792093
BHLHE40,-0.5606736955543405,-0.6990823980406375,1.095548712667925,-0.35759074772589433,1.272996948005906,2.7102156401221724
BHLHE41,0.8457974705265715,1.3654596301500759,0.5159477659843426,-2.5081928155293447,0.3323214516097576,3.744456213476838
BMAL1,2.356092126351213,-1.3069195627739314,-0.2777829513926155,-0.1211076102563206,-0.7851828188508515,-2.8882589939059042
BRCA1,3.4015623689333383,0.23453062298266403,-0.9194076088001221,0.4729906470494593,-1.7720876419287463,-0.2381253248151678
CDX2,0.606958298882073,-1.080048754732213,0.4682279663336623,0.31125956085631784,0.6675179854669699,0.5725475497406951
CEBPA,0.8424640384420754,-0.963583617362985,0.28315035256310905,0.16183041865404613,0.9711975225469037,0.9918746759031364
CEBPB,1.6513917467919537,-0.8659942331253271,-0.8335848514688873,-0.5646078441010449,-0.5579607938599579,0.7631418452237965
CEBPD,-0.09708086788205526,0.9634918456803272,0.5553010224947096,-0.858956795642267,0.43673420908772853,0.7197047812761713
CEBPG,1.618186348179506,-1.9695269964543156,-0.675961563917434,-0.1663558079772553,-0.31017170178464754,-2.765590564713722
CLOCK,2.811040518082864,-1.5749320471989956,0.18865482836643116,-1.5383138409802504,0.5058973823751768,-1.5428113691337866
CREB1,1.3871903474355998,-1.6090637025398926,-1.4452679529573758,-0.9790146093663292,-0.3626966857131817,-1.7476802128815596
CREBBP,-0.002581805128253307,0.06353818210782639,-1.2099066336194375,0.07343148473850393,0.007256555233383621,-0.42478708159073914
CREBZF,-1.0174170241256915,0.9663460612425635,-0.3583304683977118,0.8138440359465365,-0.5751425529251971,0.8080685623881161
CREM,-1.362337086699801,-1.828121770980127,-0.008444986223059949,-1.3320780787888846,1.3109211590115672,0.9484029478491923
CTCF,-2.4412547999618064,-0.2586112878969278,-1.1672556800285214,-0.18639496701574554,0.21903171832791346,-1.7562380475909332
CTCFL,-0.5955635764741974,1.7404425084329636,-0.39848602431464847,-0.43596830079319765,0.19616034170781313,-0.01909150156963249
CTNNB1,-0.21145600684810179,0.3920781534197229,0.13705898740347336,-0.15462106648782073,-0.3884953736575797,0.4666418351788443
CUX1,-0.3414778209158177,1.1996230229739029,0.1512132075522982,-0.013495196354461853,0.9689893583242217,-1.1799441150770003
DBP,-0.2868163964818591,-0.49261707588516906,1.2353821415052457,-1.149001544957196,0.768629125868011,0.7706315557606566
DDIT3,-1.5181187992617218,-0.15914667790360154,0.17919621095880045,-0.20961034779624577,1.6600282047246764,-1.7348160115671012
DLX4,-1.1783136044505516,-0.6273277846451818,0.8351460287380913,0.75599321911239,-1.0956183577865974,-3.621898478109515
DNMT1,-0.3584615267325475,0.947742587072017,-2.5854845796332353,1.1609830660281835,-1.4915461122729579,0.16361929433563457
DNMT3A,-0.24969851870277546,1.5268153898625003,-0.7995452027432713,0.6442054383563902,-1.8313406550727525,-2.7769213434639504
DNMT3B,-0.2542904716466383,1.2259351754053238,-1.3442191990387713,-0.12987303612681655,0.12290162121015184,-1.0300881674091502
E2F1,-4.413244028400127,5.568262672441172,-2.575914608306764,-0.6130578117551408,-0.5282960642221379,2.3295577546055473
E2F2,-2.249160801936883,2.1723065821236625,-2.5069111801098933,-1.2523160202563834,-0.032270563900417625,-0.39530997556707653
E2F3,-3.1066513716880255,3.619744874163297,-3.6861435650832237,0.8477477753839596,-1.1327395246880931,-0.51869175647133
E2F4,-4.620632661725776,4.037762989660955,-1.9012816282145721,1.0378941629623446,1.3369358599121417,1.9707122866421423
E2F6,-1.1623594274712672,-1.2234403641872864,-0.14214189902087443,0.7024661846436864,-0.6260693051083044,-0.7436894832418142
EGR1,1.930749506665413,0.40678485996591934,0.9377367031902005,1.2070848508884504,-1.4098207471293027,-0.7222619649260945
EGR2,-1.3946266664261382,0.09982186052603714,-1.204412733177941,0.5905058347637923,-0.3465027780480502,-2.167797449126884
ELF1,-1.1750591801223487,0.7749677507520788,-1.590077699331739,0.15020186136647898,0.9032856199599398,0.25606348335616225
ELF4,2.078768826516685,-1.1089548202530215,0.14820488529051273,-0.15000874912924556,-0.8495367065672977,-0.15704662955573012
ELK1,0.2566523627673324,0.6938849280672627,-0.7836357645357137,-0.8706832555652481,2.1832210196166018,-0.8972068423098956
EP300,-1.2095834280922135,0.9309239912527698,-1.0318107349535943,0.3806487839484258,-1.1870841730796462,-0.18851312948853188
EPAS1,2.1129825423466686,-1.6351483276495726,-0.14470186301334126,1.7812028729450928,-0.5229828991989258,-1.3075599909822173
ERG,-2.9324631628039173,1.8074776313122327,-1.6885766507857511,0.020207568372541097,0.5896872960119182,2.1537405862337544
ESR1,0.27203802155946194,1.2307913599130935,-0.6011538140814277,-0.14527116773495338,1.00807528104027,0.48292537077280806
ESR2,2.2545561358473036,-0.41129842491230517,0.8774481980522846,-1.1172784316014621,0.548760175274098,-0.21861517428706714
ESRRA,-0.17311179794348092,-0.7038899756298852,0.25322584828408184,2.274701542918513,-0.8935282143736175,-1.8834034232674899
ESRRG,1.4131563892266628,0.10669849947641832,-0.8180828038052679,-0.3506045716313423,-0.584379996473136,2.1909481393400405
ETS1,4.062876367764727,-0.779791588297961,-0.5174600479092335,-1.3479837160770607,0.07948427322757448,1.2084863405959985
ETS2,1.6173937234919478,-1.3123274578810245,-0.832757253985573,0.42881751775276467,0.2664790914485607,1.523388016537499
ETV4,-1.6418545257012125,-0.6138109480285112,1.5141191411887438,1.0217871267936167,-1.0739132925000587,-3.0077966661436224
EWSR1,-0.3974669996564084,1.0218468153628215,-2.3772705200242896,-0.4275045981974917,-0.20995810522981098,1.3804277081274527
EZH2,0.0015407803402941284,2.786982989013367,-0.6837274854126726,0.8232730002791915,-0.4109111945735751,-0.9141161758737428
FLI1,-1.3592306722698528,1.5433049752318846,-2.6705442333145317,-0.6048594282671007,-0.3398997092978594,1.4088649206394364
FOS,-0.14914682642201077,-1.3829118828143652,0.531011629554209,-1.7571377073317662,0.44953316697544865,1.0341710788079144
FOSL1,-0.868063704804938,1.3477584294037246,0.38508098612096603,0.6013980155829375,2.3727541429058836,0.13256627741409016
FOXA1,-1.894008219533716,1.0771352320263992,-0.3392532853089216,-0.10408672928992538,-0.4953348949470698,0.20144745076460768
FOXA2,0.16441997789091714,0.8493940235113373,0.7777268927021751,1.7507168412276939,-1.993212356781567,0.11758632861983091
FOXM1,-3.324775560730553,2.904176015024013,-0.9015447302481875,2.6450725183788113,0.639194604586923,0.5217148389647722
FOXN1,0.24700624683228792,-0.28948547066272806,0.5869246447499911,0.9239998882753422,0.14735986915999616,-1.2365343043412527
FOXO1,0.6487987376592853,-0.9901109861332625,-1.0008332321715283,-0.6278557455601158,0.5919514813759305,-2.3712202666040527
FOXO3,2.194164501985,-1.0966697043597808,-0.236045997372685,-1.7817111448482317,0.5382491042096907,-0.6166846670535194
FOXO4,0.7281342051845681,1.562252237990608,-0.5619021025226439,-1.5386057738550254,0.4277611235688639,1.133365545884488
FOXP3,1.2015702024715003,-2.6088576985642837,0.7041737897325858,-1.6734761673360004,0.6836869233195237,2.774264548753579
GABPA,-0.6745813875308918,1.2212304562000373,-1.4809760791695943,0.8763419599316967,-1.3805489835166762,-1.618418898201279
GATA1,0.4910456596991913,-0.5624894988607824,-1.502239995639373,-1.8090650995123707,0.9536583221705807,-0.4565917662308629
GATA2,-1.1167725230270686,-0.8513571382792097,0.28245914213252843,-0.17745345268865229,0.409181197204342,-1.111143349230624
GATA3,1.4709749128618665,-1.0600650599329537,0.9627212964932107,-1.9624747075667488,-1.39127891611982,3.1251084406017076
GATA4,-1.2189935644946845,-2.8266273112759275,-0.17277735690095256,0.2900746576118695,-1.166444712996825,0.5317006199968798
GATA6,-1.7792954524975853,-0.9581787560089672,0.22967667005856113,1.1685353281194397,-0.5019104027519523,-0.17492271124308179
GFI1,-1.2229641816422603,-0.15431900071703683,0.00764453498870816,0.7702158515902039,0.5736851934463326,-0.408427958767892
GLI1,-1.785590569999762,-0.4401561952055439,0.48319722167647816,1.1805664449771702,-0.3590583790626417,-0.7302968481896147
GLI2,-2.082198314210319,0.09570312443415206,-0.31985747509754014,0.23076644491642065,-0.27297966150184727,0.3931238707173422
GLI3,-0.005434711813513913,-0.5180521522550332,2.0045586864119436,1.7926148000685003,-0.8044246505396192,-1.655560256813514
GRHL3,0.6655225713835012,0.4901432917216941,-0.211671339907899,0.6135883723658362,-0.4708288379249911,0.5282187540727159
GTF2I,-0.07419219386049332,-0.11481203354373573,-1.4526206673808604,0.559671777626374,0.2545793105705697,-0.9787525797437211
GTF3A,1.0264833331325394,1.4154049952862966,-1.1134711638591943,0.4329024149053803,-0.5036707933665581,-2.64740413835624
HBP1,0.7652209970592312,-0.43581261792582265,0.4452937476169932,-0.4005030228960148,0.5780437797759534,-0.8990883103261843
HDAC1,0.2115352050984016,0.44843483810254303,0.0849014880415701,-0.6733728597990455,-1.070265379263653,-1.014787148797477
HDAC7,-0.3249036652574168,0.8586245917585071,-1.781625916790059,0.49158961693856545,-0.6381427098739673,0.5523407410856279
HDAC9,0.6406473279549827,2.432465790327612,-0.13789559022541983,0.6140995428567674,-2.037313730850877,0.8137269646075201
HES1,0.47005175064206733,-0.21089096768640242,1.2481770458419577,1.0946330576708458,1.2430004437395206,0.27250893855896763
HESX1,-1.0716415780053756,-0.6566005932481128,-0.6580260833423102,-0.21478905615744853,-0.1908329435379431,-0.5221771982777709
HHEX,1.371348899196477,0.06169487864097377,0.37531634669847547,-1.4053220801213373,1.448375215816762,3.2226100864413505
HIC1,0.875898315998365,0.22854181249345568,0.3753875313570964,-0.4307954948167371,0.7534866874579113,3.409461599099339
HIF1A,3.3528541231875137,-3.372720254878574,0.04975514365758637,0.40448731510430735,0.4435495700282143,-2.3424514757741997
HINFP,0.8484836368955416,1.6734188260041847,0.3814412778707861,-0.04000724581303433,0.5527234603605511,-0.33783022230362725
HMGA1,-0.7368345379081085,-1.329567589106492,-0.035724216128993014,0.8705270546462891,-0.06288955113074976,0.5083545944742389
HMGA2,-1.8561598068555765,-1.1374184297626,-0.7135843747873767,-0.2017912964694656,0.033345159211287334,-1.0906917517833439
HNF1A,-2.0491933950332153,0.7319143382609772,-0.07054902054698335,1.8714073755350864,0.2934607163374834,-2.871803163836005
HNF4A,0.8520328780179274,-0.8988832188104181,-0.22526355336000617,3.0816695323584713,1.2937785170299172,1.6421644402418858
HOXA10,-0.537652524347416,-0.40153791086966223,0.9261743677994352,1.560201842083833,-0.5686469594032114,1.277055433433031
HOXA9,-0.2752938340363131,0.02311495026904781,-1.2055787716689155,0.8178008768463222,1.2136856711581343,0.9232838927065732
HR,-1.27000198769815,1.9219677879244708,-1.3015872603891334,-0.5668775153838322,0.13725404111587236,-1.2078706839016233
HSF1,0.21171979830305326,-0.8057179565159046,0.872888669722498,0.2950893947875325,0.8748968185389158,-0.3208231864333976
HSF2,1.9938431217207493,0.23741791627452968,0.8724344448693309,-0.8985214070652452,0.6780624702913505,-0.10778671881464331
ID1,-2.6213682264723386,0.2031265768726449,-1.4343561321276481,0.8436036573874884,-1.5610570039078548,-0.5028172845186305
ID2,-0.2979088215592371,-0.7255126355380863,-0.5421075402091855,-0.11488683751469685,0.1601646975631072,1.028232798304159
IKZF1,-2.10655080681004,-1.4462901968559143,0.28656614293875626,1.7922911564859418,0.6943087272935906,-0.4115222033057675
IRF1,2.99741525777263,-0.021938052112620662,2.075678363054766,-1.8903210156582635,1.0589037376824213,-0.7108523618415038
IRF2,-0.64160672614301,-0.23344511372093754,0.06833421875920606,-0.41997644728846584,0.8371719568635108,0.17056273259051252
IRF3,-0.158363448816729,-2.5730662153252988,0.2779160578337516,-0.5392023089387167,0.7619021054840709,-0.8868388954275795
IRF4,0.6031608081347724,-1.1030202456379565,0.6721545393058722,-0.6703511966445657,-0.2054411071154383,-0.22451570497563064
IRF8,-1.1325426674509615,-1.5592145026275848,0.19585389149932803,0.18826559992439842,0.2500299290362728,0.25531449445763865
JDP2,1.8277393732254676,-0.29231819606949566,2.378622044540121,-0.30993877015622506,2.4155353590572073,0.27989939327772734
JUN,3.1855536054229394,-1.6354579123227349,0.23237811053872556,-3.1027289631067476,0.9155329243564032,-1.5301954129494253
JUNB,-1.9098475638253718,-2.0461620888333907,0.8520762622890821,-0.3616209940290756,-0.3491571705458945,-2.0292834800625483
JUND,2.271529277987486,1.1843002803688232,-0.38742527606970056,-0.1694118424194884,0.22004690121386275,-0.1986975365514825
KAT2B,0.3494384350696135,0.7423244049852693,0.7147046711011236,1.7347948335178593,0.37930086856500417,-1.8485408422868859
KAT5,-1.8708341574533387,0.4081873144845646,-0.2325201479999712,0.8434670626125663,-0.10157423783431677,-1.3872960197339976
KAT7,-0.053730933313402174,-0.5203938725317663,-0.9449510343685683,1.9813193240667994,0.30661788501979237,-1.4298963863100376
KDM5B,-1.4670476042093274,1.2254979994767736,0.6457251808956908,0.7060323270202448,1.662996948223324,0.16867093714398682
KDM5C,-0.8885998200758439,-1.2361226142784942,0.15406088073861635,0.7754205719026239,0.07068737528165986,-0.26623272308139795
KLF2,0.09858139935100478,-0.5880460722955563,1.0276486942392067,-1.1965797157951918,1.6284758718590133,3.522750154318316
KLF4,-1.1354149679230616,-1.3441600361621668,1.068707491909562,-0.56131281637042,1.862197059268087,-0.5947064708181322
KLF5,-2.0687366023355103,0.6323855889810245,-1.7542563609756558,1.1678976742991647,-1.0111839612622786,-2.2532238000940734
KLF6,-0.6161266081492267,-1.420097865924591,-1.077328775596562,-0.26140111948685063,-1.6935183986009978,-1.9380055847562943
KMT2A,0.3932063110423488,-0.929293516701139,0.29154205093095287,-0.6417619939435772,0.238492350066202,-0.4158383236898063
LEF1,-1.12583971231012,0.8635463281096137,1.285220953666475,0.8236744684642483,0.4253918482320209,0.03858031173050156
LITAF,-0.9771733369783528,0.17162591717769246,0.05409137326312373,0.9467707406537984,-0.6036135836243867,-0.6683783757053642
MAF,1.2698895848437344,-0.14066998860181396,0.36168631223602327,0.759702872950029,-0.6868538042206577,-0.18836626924627972
MAFB,0.766848159368987,-0.5688898777210539,0.0009789905859283888,0.4969658535782475,0.017324065156317372,-0.7608972688603348
MAX,0.6252138403683344,-0.028687836129692387,-0.019623677399476895,-1.195936837297943,0.5542620147531505,-0.6006041988469653
MAZ,-2.144296572384351,0.16202467952369756,-0.8877488468404023,1.0373796170949847,-0.27776422453489175,-3.1771157946726243
MBD2,-1.0589168695611995,0.6892915434358806,0.2534164231286655,1.715051048908194,-0.3779623844536389,-0.2892357064686247
MEF2A,2.449229016391171,-2.0968491103292757,1.53992610203277,0.09999434251647948,-0.09252280211107289,1.9331646996743526
MEF2C,-0.48143670924014453,-1.0206385838701963,0.3328458126666428,0.9477966649142626,-0.6337209574938497,-1.6555219384213145
MEF2D,-0.8574266981883863,0.9176024032854362,1.8388811791245347,-0.404444226787219,0.2459715885682625,-0.2739443949996402
MITF,-0.7537523772350693,-0.9508547518993203,0.6778737204562162,1.3812736726742703,-1.5014871765721138,-0.6049753041294349
MLXIPL,1.0141397890235497,0.03893373578551015,-0.05480515438087883,1.0821699190991896,-0.9514710112912015,0.23057628699623317
MSC,0.38359780720014125,-0.2531927338623144,-0.07663220957739726,-0.5521390460555766,-1.3981123879855226,-0.7895528525079507
MTA1,-1.2671908692825427,0.13905835337774058,0.015174241090203539,1.1478083654041924,-0.8293749981470346,-1.276461714135007
MTA3,1.0267457734370913,-0.8370105581402724,0.9134954437095699,0.8455208434046361,0.7709583266926198,0.062228303868375204
MTF1,0.9919868578617005,0.631476304141133,-1.2696354856971657,0.21300807554182966,-0.7664768753260548,-0.35615973874505086
MXD1,-0.4047540530670931,-1.6205838518355407,-1.1908635594344865,0.06818591390678436,0.5001832837931574,-0.5760846459163673
MYB,-0.97463261580037,0.51526774312711,-1.3326507284871152,0.08916341164124819,1.105892224785347,-1.3644391927154238
MYBL2,-1.6061799280046867,0.8782702245330906,-2.116603729377162,0.6841909199393781,1.1326825550922872,0.9206289480016345
MYC,-3.7239601451561373,1.739562964894351,0.29983391677855864,-0.49048240787341346,-0.21601055709153588,-2.534901521195524
MYCN,-0.5658713979773682,1.3610014656692002,0.1839730604412536,-0.13292162784739867,-1.1575036956920306,-0.5701436581547354
MYOD1,-0.18535937052398446,-1.3493970520520253,-0.32521215035920026,-0.249699425967188,0.07109334028259527,-0.08746893474262966
MYOG,-1.112107282565427,-1.464088658533619,0.6146430023570827,0.18814050154908968,0.5182871700352014,-0.7057895598500725
NANOG,-0.2990007148171175,0.13011375551828294,-0.232363765385158,-0.27524451149447265,0.002985242333578555,0.0652647481798813
NCOA1,-0.5855513722423475,-0.4921573990918338,-0.8205798887113782,1.1946216683867532,-0.8033928546019711,-2.147483592123526
NCOA2,0.6763980693268525,-0.7857618321490137,-0.04774846504450633,0.27724498958036686,-0.8364603172935712,0.37271073432868906
NCOA3,-1.6082515936509925,-1.0240291744105388,0.6477943350728657,-0.2519455152366942,-0.6581247508741732,0.912041544293854
NCOR1,-1.3805209604017479,-0.5154435023919599,1.0712593795873129,-0.014064989106939794,-0.5494682219755871,-0.1329773735657951
NCOR2,-1.017333768792048,0.795378420577691,-0.3331121978176521,1.998677266948216,0.4805516792180257,-2.64229866833469
NEUROD1,5.700609185153141,-0.0030286152531254474,-0.043356252877217505,-1.3373574391584875,0.17664396819703465,-1.3136179424168448
NFAT5,2.4521979702076107,0.9964358020465561,0.6940397447945839,-0.9972648701510235,0.5181210168963643,1.2323608262203176
NFATC1,-1.064222439621609,-0.966892003500342,-0.9069822806586598,2.136108026953921,-0.9061056353622094,-1.5781261207309474
NFATC2,-0.26888264333370177,0.4999492868433931,-0.007511331262446237,0.18337122903459677,0.9211890645138274,-0.40466650878453003
NFATC4,-1.6515980180027074,-0.9248143838924945,-0.11629992527569957,2.0656476783250226,-2.053185738974098,-1.5219210579683569
NFE2L2,5.631463251219172,0.6123173196438612,-0.12640058859704573,1.3910703745231607,-1.3061827775566905,-2.6115790378411137
NFIC,-2.164895607909307,1.9753841672382118,-0.17950380813094502,0.38676577761052333,0.9537672966514091,0.05888596403239127
NFKB,1.160097295740291,-2.0366891642015434,-0.08740568584574637,-2.416518227734406,-0.6782544792439423,-1.7808674766248733
NFKB1,2.940911955869292,-1.5463994481108463,-0.5635816179595744,-0.8380015515823248,0.08701148696466864,-0.833671973909887
NFKB2,-2.568701903918398,0.7145417617247072,0.15176607916270718,0.5030376871112396,2.2229785034979104,0.20349778587881007
NFKBIB,2.0351081012773293,1.0952811716907058,-0.26607253518166957,0.6892786298749105,1.1337475427665842,-1.4634351940501813
NFYA,-0.28035918914268226,-0.37384052404839596,-0.3667381495679006,1.6430322094348628,1.0224241699130014,-0.6681127859108328
NKX2-1,0.11885941205406605,0.5772583835244715,-0.7374664092604416,0.7710262563395864,1.6725252676288687,-0.18646052045593856
NKX2-5,-1.605328251597153,-0.3261018079603256,0.3498969150359368,-0.9176493558418047,0.6191787592561564,0.20811609717185356
NKX3-1,-1.45832252079957,-0.7828951836863544,-1.1972411071458744,-2.444183131678547,-1.6015754438692764,-1.2642173697725505
NOTCH1,-1.2424110569212359,-1.4659260345776535,-0.4795677814751204,1.1448792136147952,-2.7825463195799376,-2.3657284701035417
NPM1,-1.3574285575179887,-0.705193274725384,-0.46852864096258307,-0.6611950297575998,-0.7782810895918004,-0.6713960267136496
NR0B1,2.2562627477946804,0.31751579727940904,-1.0988246751191384,0.2014399754503852,0.46311593622466485,1.3932805641607096
NR0B2,0.07990101926276715,-1.1553873307280644,-1.3809511426243197,0.47964294304262156,1.0610292329947693,1.5852870551101945
NR1H2,0.6253549706826635,-1.6720587963790314,-0.4967085945985658,1.4117427271102023,-0.05271844759305328,-4.204614166798087
NR1H3,0.9269694460735547,-0.49164705800309194,0.35113027847935285,1.4647069055571065,0.41443094607978764,-4.181826406824853
NR1H4,-2.4409756346861444,-0.029139563263207723,-1.2768501360316395,-0.7595513350321492,-2.62132156109352,-1.9358684045323722
NR1I2,-2.7799792518505484,-1.9637846880901917,0.6090088969065625,-2.652471079235815,0.7876846621136145,-0.7929142312101229
NR1I3,-0.6116141365392423,-0.39091671463066463,-1.0328259553828807,0.7647280433792951,0.7950229691904739,2.176467405006067
NR2C2,1.3918565627810788,0.2124753116892163,0.6684174173472403,-0.8675913516388124,-1.5662897801207785,-1.5735611472981437
NR2E1,-1.9835103227315556,-0.15841719312180158,-0.53331567972637,0.8080620702642999,-1.7494952718901422,-4.584810669180345
NR2F1,-1.6963397814924788,0.3637711616880558,0.5037289613894842,-2.554173611338822,0.666226324978067,-1.0347410791281253
NR2F2,0.9035339349432202,-0.5802646670637469,1.0861430886907735,-3.0625703917825984,2.2320108942501533,1.5815282310403425
NR3C1,-0.7019088405509051,1.1121607151945687,-1.807585794124125,0.3493139084039546,0.4815980858688797,0.0018769686877070486
NR3C2,-0.37247996049465637,0.5369684275134263,-0.5153838047346121,0.6856275545138866,-0.20562108508855823,0.1648401690952515
NR4A1,-2.2316315534763262,-0.6240414057942794,-0.14560242950835062,0.09389967549675947,0.8058040742427741,1.3737527055711898
NR5A1,2.795119252882096,-0.48767581522658787,-1.0888132427970207,1.4711719861558543,2.4640469213936727,-0.11119150214882403
NR5A2,-0.2830738531830828,-0.13528922127598575,-0.28413620602294604,0.7998098187742508,1.3894306090084172,-1.0250100671669777
NRF1,0.3769657987569487,1.5379911978233145,-0.9258082188743444,1.0062287176885027,-1.5887172738007798,-1.2949519634299553
NRG1,0.40990905039819664,-0.8309323664434745,-0.6102693982166244,-1.206769075667265,-0.9351448160818462,-1.244331990105047
PAX3,2.133292023237807,-0.750015542637033,-0.025007709113280967,-0.6760545005424545,1.1309983673214234,1.7821046403825314
PAX5,0.48654076795113077,-0.8327851402213138,0.43656284390096256,-0.24878075086358079,1.2896308172944595,-0.07640696747523755
PAX6,0.10843829309828847,-0.12051146465523717,0.08588502047009557,0.8411427849008694,1.1456477292589071,1.0388544942947393
PBX1,0.014214894165398619,-0.11862414959412053,-2.133530119373612,-0.9243183953238804,-0.7328199473146975,1.562239296704556
PDX1,2.8520316293587045,-0.23665200880290352,-0.22763172093099315,-0.4392440597298084,0.4687707279839492,1.9108843757850182
PGR,1.423673097496924,-0.5895281293344684,-0.4446746717852337,-1.3066689347621652,2.0428329356927826,3.695600961814151
PITX2,0.09266281652281556,-1.8347752895833913,0.8103572086341877,0.8448581397671027,-1.2569442099727113,-0.8594723548606681
POU1F1,-0.5065664744117948,-0.8826142054000742,-0.6412944625242519,-0.7517145833801515,0.6354921255457296,-0.49138325306424274
POU2F1,-0.8709660468406741,-0.3770228619859734,0.35576881954094697,0.5246743409975169,-0.6389259431086529,1.3928813581621453
POU4F2,0.20153703223643213,-1.241088504643871,1.1322878510783876,-0.008748378866826912,-0.0700680084909402,-0.2325988850972488
POU5F1,-0.8786835172863895,-0.16182018677221638,-0.6897036486647534,2.098953473419659,1.0296087702312433,0.6218713784404865
PPARA,5.163958342064203,-0.4192612842728776,0.788117706536353,1.9371949968879976,0.3406029297865373,0.06261991659413081
PPARD,3.2310488524512566,0.2939632636350516,0.7630205469211927,-0.26057778505725887,-1.0734256722136812,-2.7048138969327398
PPARG,1.7670696031557767,1.036157334253758,0.20115523092910226,2.1868912597139536,-0.8581625173994187,-0.38655400775580007
PPARGC1A,0.838890369800087,1.0501725099854082,0.39091548266956727,0.8181326156744588,0.25387590321204256,-0.6961734136903697
PRDM1,0.5222752329639453,-0.4596056416477665,0.7415069701801968,0.7804612336464254,1.188452539292727,1.9527087612908693
RARA,-0.45431843901304175,-1.3552928751535014,0.5214051139448108,-1.4905745374282318,0.9772622089930966,0.5188189394677126
RARB,0.10439964828122765,0.5712295999601865,0.2582560523295094,0.44454237336081415,0.3317051028949578,-0.7252006964103493
RB1,0.9908580310971726,-0.36513117455692673,-0.7160002028493345,0.9062563199469774,-1.0564691622260836,-1.9970765312623895
RBPJ,-0.19980830121350646,-0.17691215310107775,0.3780830488454576,-0.10254892144113761,-1.9610625903672223,0.5347826600350877
RCOR2,-1.5148079659114282,1.0353814957089593,-0.5229352659164359,0.2842592844899825,-0.6706357338802886,-0.5612837513393598
REL,0.4921302462974667,0.8453453540895125,-1.3796934420147597,-1.3393200452934515,0.2787815066074152,-0.4684678081936678
RELA,1.5547762587951346,-0.8920337591836971,0.6263223213569816,-1.4030296705267562,-0.2516749566434246,-1.001567002740277
RELB,0.2769909030128202,-0.4999775749720015,0.13987521322270882,-1.5652093714927322,-0.04878029343817366,-0.34852096703846636
REST,-1.3990816648990378,0.45417706471536173,1.7974154807718916,1.0985528314149464,0.28141907344283656,0.5917805266230156
RORA,0.21449718875998403,-1.548037161509773,-0.3988054635349476,-1.026196617328007,0.2138067659731915,-0.10417843465784371
RUNX1,-0.7594832793016747,-1.9686977269364865,-2.256716851640218,-0.14211086862394753,-0.41345498275992015,1.1282705178441006
RUNX2,1.0513771586662852,0.39531161651745605,0.08293117453438534,-1.0032068381900892,-1.1376805514849169,-2.9093734479583304
RUNX3,0.43722516604987816,1.3411332321356348,-0.4412342304206462,-0.1739505449884548,-1.7411667822218528,0.03720055196729082
RXRA,3.602601359831351,0.1281628039312055,-0.1008641595245054,1.9137248327274083,1.10599931232095,-1.0030165149051835
SATB1,-1.4564902209251829,-0.3195759793123864,-0.816344034225245,0.9715777107951392,-0.5918956546337288,0.9603984103789184
SATB2,-1.7829925031450564,-1.6423606541160138,-1.693894794794392,-2.175271462087378,0.8449926190615523,0.9350105172853358
SFPQ,-0.5113511731964797,-0.6430918858973627,0.3196491238834376,-0.7819507264479423,1.9432579704074349,-0.9906736148333269
SIRT1,1.954745657977286,-1.373013145797006,0.24401638745737175,0.15343979732479274,-0.5275361019760562,0.13469125076587612
SMAD1,-0.6527290679273378,1.2578735346766026,-1.5545462757004098,0.2554953414657016,0.6683184850978502,-2.8278044376819054
SMAD2,-2.6857265757721356,-0.7612130086257262,-0.3216849310966188,1.3498559949994196,-1.2703338522641647,-3.2508884340671798
SMAD3,-1.0743568600788298,-2.1898259680238272,0.21060028374283235,1.0661486339723112,0.026827407669696806,-1.731125242156697
SMAD4,2.821380522909846,0.881722253943162,0.3845957004638209,2.2070069259959606,0.8289325756149789,2.4687540793767413
SMAD5,0.35996616207065174,-0.2569605164191085,0.5066199547329167,-2.0563039877294824,2.012731750607401,2.905284835608767
SMAD7,-1.650824275724346,-1.6823373741992302,0.7789312275316627,-0.8808158224724031,0.16053255198877422,0.6510950507432902
SMARCA1,0.5575667493266321,-0.2951659839691581,-1.6184800524767435,-0.014058356656485237,1.323270540472748,-1.2615656586371655
SMARCC1,-0.03431906498807348,-0.3210490913814193,-0.7092478748697182,0.5925711979322354,0.3838601036764141,-2.1600026547571045
SNAI1,0.206600626723095,0.03608803975320039,1.952312660319545,0.8421402572971507,1.1109333267764894,0.6654630474227777
SNAI2,3.441755284312653,0.5725536838767072,0.35166878839068094,0.061136892429007196,0.13742413035278392,0.7954950621218607
SOX17,0.8999382356816883,0.7294319397730651,-0.13101899380535859,0.035335734817142514,-0.19669787259849558,0.06053935126135345
SOX2,-0.8293485159052578,-1.7815086937544884,0.3710608097046361,-0.16653844581425914,0.6581295920502568,0.8520869567635151
SOX4,-0.7676774918780733,-0.26975070978225485,-3.206799717061268,-0.9369265721543423,1.118573839733678,-0.7783001581391924
SOX9,1.33353388199377,0.8351570290450406,1.0299412276042006,-0.40568433800631276,2.2540430872191877,1.7838578328445798
SP1,0.8533913679286145,-0.9792062270963139,-2.0571187183210697,-1.7512044538474547,0.5536286692172447,-1.6585363759398215
SP2,-0.8205227741473082,1.3621283792961991,0.1637007608588586,-0.7054892705124196,1.5536193949350026,-0.1013712160563721
SP3,1.9147216220409145,-1.5742351081443688,-0.8288243122162904,-1.9021241742069481,0.895600402181071,-1.6610968276273355
SP4,-0.3952613473308813,-1.4200504613339553,-1.7347524105981196,-0.3035419881918199,-1.1417874071270833,-1.7344796529515807
SPI1,1.2947337911883707,-1.590768469581312,0.11519294340718843,0.3929287798836196,3.2611449385820577,0.25686421338422843
SREBF1,2.767788985364503,-2.2114068704290304,0.20376793980356275,1.0549231311868534,1.9468457471260197,0.19848185084984815
SREBF2,2.4260614375361507,-2.086636695887849,-0.2024981478314,0.9766055885040431,2.193560457199498,-1.0217059419002543
SRF,-1.8385859734794383,-2.7791080202822633,-0.07384978267202635,-1.8672524652998461,2.7576729800133957,-2.079247274268897
SRSF2,-1.367007065732812,1.3746889178089123,-1.510676062320904,1.1288795154579914,-0.24373493980297262,1.8874610844281567
SSRP1,-0.714721012319308,-0.1796331962238502,-0.8770548331221701,1.8798694954177564,0.11335261818988249,-0.9282940919689946
STAT1,2.5335784294415347,-2.5778753330862076,-2.0540881537976596,-2.4028366462886694,-0.835677588697955,0.6245891825413544
STAT2,2.554196656645006,0.03329998839587992,-0.38815460271480806,-1.7505168983154316,-1.1187084166997063,0.449776771457901
STAT3,1.147739921973724,0.12346533475599995,-0.33651328454855595,-0.6020830891695484,-1.3835940928500523,0.6943066874773804
STAT5A,-0.5215739846492513,-1.8675896825317677,-0.47327090585623655,-0.5483644687016178,-0.09459239899063598,-0.19017362319886777
STAT5B,-0.4800125307187327,-1.9815990038963593,-0.4377502182007272,-0.594893829690577,0.4251452285055752,1.1442867871191955
STAT6,-1.8536712869772625,-2.184318327701247,0.8093367340868715,0.6220306023148121,-0.8833049852473658,-2.584084759418043
TAF1,-0.22769983443858682,-0.41167214042116007,-0.9037497936440557,0.6411797114775946,1.512702686576685,1.2441970095483559
TAL1,-0.9582226935475096,-1.3361392527537965,-0.3900084911398197,-3.3483943312566473,-0.16542561361622823,-0.11877438634037943
TBP,-0.9678698407385667,-0.29018056123256414,0.45342958512446707,0.5973926599733288,1.105280533581902,-0.6108751660941927
TBPL1,0.09198879583900903,-0.5384121231270429,-1.2765031348342126,-0.7881065307813123,-0.35394599585703973,-0.5339549385042609
TBX15,-1.1688245009880567,0.7296649852904211,0.43839245831721857,-0.8565917909246774,0.3725367895681482,0.9692209382498514
TBX21,1.2856840194599948,-2.2220963693946203,1.627180630689495,0.2835757608997106,1.1473474124280334,1.1666073303062063
TCF12,-0.2717132790083871,-0.08985623733361245,-0.12358465303188253,0.019621940382586422,-0.028205843022833865,-1.69789676067248
TCF3,-0.0365559075388531,-2.0413516211552656,2.743779782971962,-0.7648142562816665,0.5592555032835771,-0.8410509807976321
TCF4,-2.805652732978654,-0.06530799062437821,-0.18997402070179248,2.01138807400671,-1.722398903229688,-3.099086382475158
TCF7L2,-3.568509190030683,1.3726120197051777,0.25067919928616916,0.409518831989651,-0.7798346634936074,-0.8762657320244258
TEAD1,-1.9220053290251786,0.9289578336670429,-1.0397631113381711,0.8526918956143336,-2.610090619252372,-2.3070320720329556
TET1,0.34169257072557346,1.0668949668736802,0.7892276942714985,1.087210563110786,-0.72695505940562,0.0395574972558649
TFAM,0.20145047981682343,-0.19742621774396765,-0.025887958454215255,-0.12734334299834532,-0.3555673919603352,0.2168151242859851
TFAP2A,-2.1757325355381427,-0.4385248699972397,-0.4118348497420808,-1.368584268908224,0.21497232012716003,0.2626321999066379
TFAP4,-0.903760153264876,-0.22951731520413868,0.683697953472207,1.5175298233343073,0.14352563999384912,-1.0110510772953132
TFCP2,1.0741501278183352,-0.2721136239120046,0.2683620534520857,0.3140992708184804,-1.562647673602624,0.6413408847409419
TFDP1,-0.6419589686053601,0.31707104634852135,-1.0176234590702895,-1.0945904436408092,0.8821445297580884,0.783192896436203
TFE3,-2.970936664703592,-0.9571831957258812,-0.09826510048687687,1.4134468454220825,0.38963717420217314,-4.283921352123618
THRA,0.7051812266247298,0.019983373287589448,1.2018034506434283,1.0110384430077846,-0.6883163035523384,-0.8713094574205283
THRB,3.0540256104326513,0.3618270158299754,0.2830298630251224,-0.2059973121130893,0.4486890179565025,-2.082728514628964
TP53,2.9417513856440594,-2.619669559996365,0.07032943664231546,-2.74671486582497,0.23260889032695511,-1.298077711600669
TP63,-0.5932067279551476,-0.710854840011477,0.3416890749351126,-0.29615308496401793,0.5754469953497983,-2.3419886840927
TP73,0.2548506193080612,0.10673566341297387,0.7150735486562472,-0.5975965999346494,-0.04016509253197332,1.1805630591842082
TTF1,-0.4436177096268895,-0.6248084964097871,1.308946381034336,-1.3588313851464584,1.7741657995203508,0.4769164236579857
TWIST1,-2.2295587926606117,0.3078970630057625,-0.3989330354399712,-0.44073783374676023,-1.1150622516119275,-1.7863667918061963
TWIST2,-0.3812470436529201,-1.179534908803118,0.3059977595097517,-0.9516423544227248,-0.27116556719397455,-2.082090793761273
USF1,-1.2082144830579284,0.08767508177709027,-0.16159447844935101,-0.3071564082621789,0.10589432476376794,0.8819364253013547
USF2,1.2184007093406413,-0.21373633879541723,-0.3654793361901873,-0.35207887151495126,-1.081127370308258,0.3237036465804871
VDR,2.2622513735326533,0.8993483881682371,-0.5610234370574433,-0.5561748851794884,0.05290957684195812,-1.8741886482768637
VSX2,-0.27161663987083207,-0.933082513344992,-0.676570171200244,0.5398531729696255,-0.0518090127345315,-0.17751494881218952
WT1,0.4916438574060376,0.1843495103776964,-0.7333793773577725,1.0999503360347471,-0.4895348343145445,-1.5093141401840173
XBP1,-0.39885420306057123,-1.1277769363445749,0.09110908442866852,1.2330400521117129,-0.6917648211616639,-2.701068692445994
YBX1,0.42311480504892196,-0.6115621438999215,0.9253907976383348,-0.8932113417549317,0.540985028508706,0.24734142271090773
YBX3,2.3001051104753802,-1.040184831259216,0.09510700818587614,-0.772530540495316,1.6532934200302385,3.560002218847117
YY1,-1.400025310093342,-0.15682612815429528,1.1878741441859848,0.03297581828925926,-0.53997298992377,0.39057937865872466
ZBED1,0.017813688719370807,0.2002835428384248,1.0129699510822365,0.4179381017865334,-0.90697989754358,-1.1933121491570067
ZBTB16,0.732879445976366,-2.080875133139822,-1.0774806047952692,-1.0552423687229202,0.991557401155059,0.3868966020814594
ZBTB17,-0.6312937616410758,0.05070049392923561,0.21688724888099736,0.18702424532396267,0.7554837711660826,0.08567503443138984
ZBTB4,-1.090852888922753,-2.074997993292952,-0.6232886974519155,0.45306349602974255,0.15918836422365817,-1.7621539395471812
ZBTB7A,1.2662401198121247,0.465167686828566,-0.5861482653588388,0.39012432648877043,-0.6767491880061735,-0.3806331111350645
ZEB1,-1.9426457506398505,1.372727355887784,0.3429845677291764,0.844940768505652,0.32201964328245297,0.4279939780202174
ZFPM1,-1.1425280676505138,0.4128404565688736,0.7094192886502757,-0.16911933375644533,0.03881963397388357,1.0176070033866016
ZGLP1,-0.4182649739647114,-1.0685514689789968,-0.6893114217117391,-0.3637840771769506,0.010567284958994349,1.069789162270407
ZNF143,-1.6270441032068172,0.4632474574919935,0.9516346934244572,0.8279060784065718,-0.18550531396349232,-0.4577281496480916
ZNF148,3.1442594939799626,0.6030959553183329,-0.06608832404827321,-0.11298879455797582,-0.9843946136248171,0.18872492906684443
ZNF331,1.4095804830087546,0.5925191556448848,1.9309346134253225,-0.7392107664206456,-0.7443703597708171,-0.8836491426492217
ZNF382,1.9288270058434371,1.7516442662985559,0.3134876035741226,-0.5981977715299974,0.0320386703449243,0.685317684589724
ZNF699,0.6606846167347077,0.3991242158122051,-0.031200988627107035,0.04700862718186253,1.2343050959678226,0.9676692013376001
ZNF91,-0.07491366244746495,-1.2221725168186537,1.114089505795884,-1.149343807008941,-0.7033486834342149,0.2084854648583456
