gene_ID,log2FC_A549,log2FC_BXPC3,log2FC_HAP1,log2FC_HT29,log2FC_K562,log2FC_MCF7
ABL1,0.39791256906874445,-1.025485164301427,-0.08341281215382297,-0.6502040162173943,-3.094870776057146,1.7487995200510484
AHR,-0.7854983515566486,0.31048778736082916,-0.22417026680673285,-1.2215214596627242,-0.3527764379181613,1.0191270193113264
AIRE,-0.053518858545598,-0.25852701113360077,0.6716568528074321,-0.7834366498856602,-1.152731256951098,-0.25574816351475466
AP1,-1.1850202325545092,-3.11198021263366,-0.8778986209472207,-3.600818046653084,-2.2599371011098146,-0.774572501133093
APEX1,2.062880887443744,0.6528354840077649,-0.35121369289323956,0.7090966741312076,0.5472147626665972,1.2403020177275148
AR,1.2093003783319871,-0.0027837532024227877,0.40842631518672573,-0.32633131999359155,0.46224659551218095,1.2902396353295116
ARID1A,0.16276294917383904,-0.47624933819952403,1.7099510578516357,1.3958296218953656,-0.36412265995414944,-0.10741240702270671
ARID3A,-0.8242880122998281,-0.9138464723814153,-2.749902609499015,-2.0277770832792457,-0.8120540985535007,-0.7455381366128101
ARID3B,0.9563363103563869,0.23419233850603288,-0.6711395453330367,0.09201961995668301,-0.2674843658631903,-0.44921160955493095
ARID4A,0.6188630361341553,1.3939885489124417,0.9168942539165063,2.2068663389196534,0.7720119897770209,0.5111743978542502
ARID4B,-0.3994002069553182,0.25848408327553923,0.7575016240573801,-0.30159455367628335,-0.33444896644871114,-0.9394325827115414
ARID5B,1.4655486197468732,2.6935097501469465,0.03985966438696606,1.0608543527616168,0.20313198723007972,-0.296563545133933
ARNT,-2.0905294316780543,-0.3976442082332023,1.684240331893301,-0.9011617546813423,-1.0283455373707064,2.043743106259042
ARX,1.2972633580386062,0.6361041009446117,2.287217055321453,2.2271370826836803,0.30989894073843866,0.9497792002013048
ASCL1,-1.1893426943468215,0.003873721786154525,-0.7847609340194387,-0.15704226497313917,0.35131538744517515,0.4577685792904894
ATF1,-0.5779570471126438,-1.2788274979362093,0.8504448157316192,-1.4362510309220238,-0.6695460895235718,-2.6645907403028875
ATF2,0.9473472719505647,0.7878399940811759,-1.2451664334400205,1.0462974490445844,0.9790171490695356,-0.18782109876652206
ATF3,0.41987207092674883,-0.7756390599732821,0.32909642311198956,-0.5630080637619661,-1.9638554955795784,-0.6185353063446076
ATF4,-1.8377616175587645,-1.7448502617170687,-1.6768744382505758,-1.1616034198229368,-1.2076494378575597,-1.6554409639180443
ATF5,0.8506666265790751,0.4812935946912068,0.22470529986507481,-0.08291785357455882,-0.5709645698681124,-0.30055841435994063
ATF6,0.56850184537819,-1.3912051716720593,-1.749831499946289,-4.349011515789695,-1.397658341238687,-0.2773478183967517
BACH1,0.863897752560833,-0.6759652002872678,-0.45825529134340404,-0.6936102201298738,1.0693169083431622,-0.06062520263479722
BARX2,0.1795266436542011,0.6343272035950106,0.24115276905205865,-2.682051859902735,0.8696500185039645,1.1088457412864778
BCL11B,-1.3039789121198149,0.1874007993249205,0.008096091911408273,-1.2109521433408275,0.02789373936523929,-0.004200358047196638
BCL3,-0.3699674407296601,1.0047632365737031,0.6569477961727583,-0.2242827712023196,1.0474963444918721,-0.09021043177285638
BCL6,-0.398956355622826,0.41427133996787135,1.8698583385992813,0.381833609459085,1.8030142511478262,1.798583114120709
BCLAF1,0.20979974147259353,0.3391287742919553,1.4380139725353018,0.21689432096069897,-0.6154659054306456,0.511106951619473
BHLHA15,-0.6643314424368402,-0.7740522040498072,0.27849831257881463,0.6410883781509465,0.2101250230789524,0.6507128647944658
BHLHE40,0.8153177725132111,1.1526634117654615,-0.652684194750935,1.8988957396031099,2.33959766394353,1.9483846460279728
BHLHE41,1.6826811728969515,1.5646565906345362,-0.27512230776737057,1.7388571326673956,0.9803349810556331,0.5766184515662215
BMAL1,-0.39481795511385503,-1.4332471735393608,-0.450340890359283,-0.5394114257742315,0.36668243094120945,0.6836314317934199
BMAL2,-0.40142681816788317,-0.7003096496883076,0.29079892251962025,0.032448897971667376,-0.8144631480949335,-0.6883156651952863
BRCA1,-2.203005221001739,-3.267757357162022,-1.7154033491367247,-3.8516966147859946,-1.8738896517591956,-2.300196803704627
BRD4,1.218171653357177,0.5118891243045822,0.08189603444689207,0.2774044057700174,-1.6081528029791812,0.8377716176363559
CDX1,-1.9095655832074419,-1.581069028747171,-2.1216000880881505,-1.252602128107756,-6.379887375699228,-4.994709951628744
CDX2,-1.2486402207381238,-0.9549876589950479,-2.487862856513842,-0.3088878368696209,-4.715547049984758,-3.4442561697923395
CEBPA,1.232518235482481,-0.3082475987258242,-0.1326012349402831,-0.6100842648482913,1.292589467169265,-1.3438437638507306
CEBPB,-1.2092711863468677,-3.5057465670683836,-0.43092330123331046,-5.269897387852906,-0.8550174425511234,-4.102822931765945
CEBPD,-2.0944350557538614,-2.1699422201973353,-0.6295979217932659,-1.228759148622353,0.3723321233779515,-3.934338787850621
CEBPE,0.8730242714340989,0.6276106049412576,1.413513251311011,-0.2678693919794513,0.9506710396803452,0.33175688617874616
CEBPG,-2.449788886665688,-3.504006108423298,-0.12546912913075797,-3.538626589096695,-1.311883146341757,-3.510004455857267
CEBPZ,0.4183219930681097,0.8615332955766462,0.5512750342824023,-1.4929381299509503,0.10927595045452361,0.33452278400693786
CIITA,-9.2664973533693,-9.060619091679445,-8.41738924760276,-11.596002025922697,-9.126917931440536,-15.964315753436441
CLOCK,-2.137474803228812,-2.373768868860387,-0.3779390730448686,-2.0744473161317813,-1.2805578616393953,-1.7084800650130396
CREB1,-2.2380287661906606,-2.1806168158050094,-1.2931203329427297,-2.7855216542926713,-1.9281159761735707,-3.240134251291488
CREB5,0.1762516651377366,0.7731347153494654,2.404278271348008,1.6782731151416126,2.692639937677177,3.2805999471346965
CREBBP,-0.6420307993714257,-2.4136548315344717,-3.642694629312798,-2.8608642114256053,-3.0955524519590707,-2.0765071527482717
CREBZF,0.5778134949932503,1.3219486901916504,-0.486945725240274,-0.5183468983162067,-0.15907529521750421,-0.031205786651589778
CREM,-0.7104443597605933,0.11562795378396669,-0.4262745096442414,0.5706762176146031,-0.8714838018640418,-1.349074368385461
CRX,-1.1550818039673554,-0.9592527571944024,-0.5893650932601372,-0.37333482491124315,-0.1421501845459742,1.5953972170309179
CTBP1,0.5732432690461299,0.4814308226855259,-0.26393483727623385,1.0882119873651055,-0.537433354675255,0.5046585822548035
CTBP2,0.6279879392818695,0.6726206461674884,0.20330399203652255,0.0787678285790968,0.7112305442115688,-0.11161600865951349
CTCF,-2.008599738793106,-1.328686940545998,-0.12089473198839626,-0.8881734280959812,-1.0033906462226874,0.10512393932119471
CTCFL,0.02466970793493276,1.4460883533283595,0.258539982759243,0.682636761245103,-1.199663662888794,1.6063783167708163
CTNNB1,0.2697250696522871,-0.176629101833926,-1.6435449293895001,2.850089937533188,-0.8324561219163518,-0.19876104959225782
CUX1,0.7578523807261813,0.7853599520849829,1.760549473827244,1.0609160038538359,-0.5727291615872677,1.4137046613855035
CXXC1,-0.8178544989898326,-0.1344514185381606,-0.5399278748477665,-1.046965068623123,-0.5441604827034275,-0.4251388762581368
DBP,-0.31212031203472057,0.2443773226108227,-0.39014874036124403,-1.5109714324348293,0.7006989305325652,-0.41764092415507237
DDIT3,-2.478430657422502,-4.024238530100682,-1.634834501061664,-4.562482179105292,-2.1032144745614993,-2.4954841167983344
DLX2,0.414250321783576,-0.3694390031457767,1.662338723337682,-0.6710826184661797,-0.5839683738188552,0.25259660067536405
DLX4,-3.0542068522505508,-2.503439813493455,-0.9706006242202344,-3.0822845356805906,-1.51833720281087,-2.3082931982287667
DLX5,-0.7595082629802044,-1.0640088488343675,0.06572989934139158,0.5390117772612762,-0.022296312648166006,0.2709269277653279
DMTF1,2.4477792613906617,-0.11917196773805931,0.09351910775066231,-1.3329092767227901,-0.04475750567114256,0.5167767020811889
DNMT1,-0.7675835715543885,-0.4400036056498189,-0.06684794109115315,0.07073400577907739,0.45227635169076935,0.9812599840490699
DNMT3A,0.39197726598615606,-0.6934750575523745,-0.9404776226692819,-0.5023376164594006,0.02250768503002847,0.3530838700748197
DNMT3B,1.4859890667886242,-0.2113117626584573,0.0035798291823004305,-0.540524752873709,-0.8360236011607318,1.2057313456881606
DOT1L,-3.2915191797455763,-2.5727806726562745,-2.978884680061745,-3.940764660302166,-7.117311375227695,-5.235305368344515
E2F1,1.9393671837141573,1.3253387655410167,-1.204737106962173,-0.9931418391740786,1.514314897994451,-0.7937863717262388
E2F2,0.4547917558892368,1.8010577764049478,-1.0410802465663707,0.44847374663946066,1.7084219307435318,-0.13620682961029906
E2F3,1.0243472279705048,1.9946450857449398,-0.9186954889682523,0.4460777761792429,1.9036281295427342,-0.1788918627116983
E2F4,0.2308654636559063,1.2930611773964173,1.502215802919579,-1.003177793663923,0.2939864729338872,-0.6487113085775649
E2F5,0.5567815239466922,1.365608583235022,0.3279311573016727,0.4745182214087097,0.8938001214871385,0.4586404398928413
E2F6,1.0536251055869725,-0.5855456423678027,0.7391256684091254,-0.037519039453404186,-0.8901782545376555,0.899474705407036
E4F1,1.4475472666985323,-0.601822763464511,-1.1142366935463865,-0.554115352950704,-0.25762129610408935,1.0339552910345289
EBF1,-0.4861906185837585,1.2811631434695951,0.9629141210351845,0.47664050506839306,-0.20219905304788946,-0.3837674969739131
EGR1,-0.4428536575291855,-0.6577823814730542,0.9214840349203487,1.0682426698124894,2.1172632161346616,0.9377172536813875
EGR2,-1.0408085684546473,-0.7472357732523717,-0.7520983875346002,-0.24584200602660328,0.21358450986116215,0.5432285892900608
EGR3,-1.6341656299332181,-2.6025498846862707,0.1126356990025389,-1.2889531387789932,0.05999640495721757,-1.9676437800299982
EHF,0.9159783781566796,-0.37956141992141207,0.053181453637775364,-1.2071598043912914,-1.3714887622977359,-0.6063390750554026
ELF1,-2.0536504586665663,-2.5681205169420895,0.011988927317951889,-1.3495624063489513,-0.22829596002985184,-1.2066359576532337
ELF3,1.5733157514677443,0.7369027356037756,0.5982394410626621,0.7404252647061983,0.4654281591618018,-0.35281130480803746
ELF4,0.44917821746261516,0.5430832435566167,0.3799037586185707,-1.1124559923226984,-0.9650476812986841,0.5949894197210618
ELF5,0.21338746978344456,-1.7366072347287183,-2.602359596150337,1.3789684973936767,0.9693800116515969,-0.6315501018280032
ELK1,0.3144084915641173,-1.3660591907191797,-1.822025042963308,-0.36373674431104497,-0.9649507953640959,-1.2486840529206735
ELK3,-0.4712320279153079,-1.0210233730262217,-0.251388632705919,0.2192957485398448,-1.4427715570450168,1.5007863685786942
ELK4,0.16215213169412346,-1.3671308421129658,0.35578827566151533,-0.048759276817351246,-0.7468412306556905,-0.7694474001275848
ENO1,0.6656441152717583,-1.0620206529159515,0.19605075234135394,0.45119630415643874,0.8954971905629707,0.11185573895653021
EOMES,-1.0323873025563477,0.021119109640238855,0.025310234314988495,-0.8421065218822554,-2.615873724956131,0.831047783794716
EP300,-0.022867424217427344,-1.1672208782682862,0.07241562745891988,-0.977739652468784,1.2230306449142274,0.803652195448131
EPAS1,-2.4090469916995882,-2.4882614525010003,0.2067543957815724,1.1881500431801417,-0.9907445313820841,0.9318951581860537
ERF,-0.13478065507674875,-0.8983905337828567,0.14893907991269634,0.43367228791409895,1.057420232083267,-2.679962138264418
ERG,2.0020768807463876,1.6435496554553868,1.0480801898818155,0.6994521942511399,1.2461484031129757,1.9713864682875781
ESR1,-0.5167186189617184,-0.7049702949625213,-0.17306318008426988,-0.6125437239342552,0.14646695280047084,0.9509869338719112
ESR2,-0.5677362725032643,0.5767219709339726,1.4727403786191193,2.2882155057322784,0.32417171931575034,1.496412172652799
ESRRA,-1.1914160654042745,0.6382995900615968,0.48309856365184367,-0.954824225481416,-1.1587904949203023,-0.5061991849768277
ESRRB,-1.0306271095658441,-0.06665991004370242,0.8941312330957784,-0.3112030211500416,-1.3569274770120816,0.00039681140572338924
ESRRG,-0.9661992412687842,0.3744874974593361,0.507110879479358,-0.06666408944568956,-1.0360109859820672,-0.23222467884969347
ETS1,-1.93855003652463,-2.8042343120866,-1.3931034364430062,-1.5389462704775576,-1.0368878061608904,-0.9077140790079177
ETS2,-2.7211390557534347,-2.6954850069812046,-0.6379672757960003,-2.4168407882545986,-2.5124565770201865,-2.0345452775320463
ETV1,1.4865003704986561,-1.0758828083408065,-0.5678376376556624,0.311579007787556,0.697514821569012,-0.7306587110295685
ETV3,0.4493301089871136,0.21135559029131018,-0.11880262466213848,-0.5243245174640806,-0.5073773575237971,-0.9197207946894955
ETV4,0.9757254301537699,-1.1314079568718693,-0.9883827407082735,0.5163715375273604,-0.474709502934262,0.024911616265519267
ETV5,-1.233527979184966,-4.1769724248912246,-1.5934545720759101,-2.1414185621717605,-0.988191734179788,-0.8213858450023707
ETV6,-2.1607403378784817,1.6176291855954594,1.0348580100847777,0.07981629067332882,0.3018694745990592,1.2796301386986288
ETV7,-0.7545368044201263,-0.8419434662263721,0.6324228549106852,-0.2627179154218077,-1.0583928487421084,-1.08982408663095
EWSR1,1.5950793324557941,1.6381012597108944,0.5087335150201036,0.5954566267336522,0.529602225086896,0.5696558608058168
EZH2,-0.24553547979703746,-1.311680206977768,-1.6750456193645278,-1.105823390851275,-1.0564179028842688,-0.3445919603217674
FHL2,-0.9183855707905754,0.19313100204854733,0.6973428963038828,0.016968019907444072,-0.218147370207744,0.026176904027307053
FLI1,-0.2700249039227882,-0.3947966616183266,1.3249828917907198,-1.6784690784422236,0.794687056087636,0.18545159599421843
FOS,-3.0760477987289874,-3.0895150032589345,-1.493870383783331,-2.637802366560282,-0.4421729888792077,-1.5179363493393982
FOSB,-0.4359672222991943,-1.0972636861543852,0.028284461265296944,-1.124312260930778,0.15332455621808813,-0.6813980980052452
FOSL1,-2.261084242963468,0.21017541759305453,-0.8328050102731218,-2.3063478022474233,0.39389715808195436,-0.573926005077687
FOSL2,-0.2859910446605165,-1.3011593134785704,-1.3641231369174158,-1.2136175089915051,-0.33527725045315565,0.22461655332897762
FOXA1,-0.8659843717440203,-1.4479539178355019,-2.0229185218997157,-2.811149466812933,0.1802296266658831,0.3199840102787453
FOXA2,0.03460027674339775,-1.5776786750194145,-1.3190976656698659,-2.1307358607206583,0.1523436203160649,-0.8620801654204613
FOXC1,0.15699493592113112,0.008906406860046142,-1.9736934987648866,0.5271433684736773,0.9003736317361581,0.2675579745688939
FOXC2,-0.38837690435964023,-0.08322599490105174,0.19103340476125244,-0.30306698393062886,0.23017428668139142,0.3903257131799618
FOXD3,-2.124318917335381,-2.597671803751938,0.2678484501687793,0.7490717510343242,0.5409229893725946,0.38826116771571895
FOXG1,-1.062441563418536,-0.13176710149814308,0.10756791666204346,-1.0338962252518689,0.3151510743136713,-0.5188468178739434
FOXH1,0.1785579948693485,-0.0806800833294362,-1.3881017627413528,-0.6539959827806922,0.187075140827476,0.3136666998754999
FOXI1,-1.2856039521821072,-0.27123122524737975,-0.23393896311180062,1.5880950240913168,0.3532465249205591,0.40475292754187914
FOXJ1,1.0040700877439512,0.9967328099722078,1.1785247554068332,1.7317730633700779,-0.043033023634583896,0.5702187887226795
FOXL2,-0.9844253848419746,0.29827351101652744,-0.06434157033950998,-0.7970342084873049,0.669657618761497,-0.12519646674514615
FOXM1,-0.5662490748490149,-1.076441337502217,-1.1537851270236212,-1.8448882308567551,0.8848142425465888,-1.0762910721051182
FOXN1,1.051207741884808,-0.07986671717470324,0.41805107407600445,0.10942162142483768,0.4131473779691587,0.10913085370608015
FOXO1,-0.6480518015118694,-4.131615632101685,0.3244469468462535,-1.4371311042127535,-1.1174049588937178,0.5069585234468464
FOXO3,-0.3511193651556789,-3.288616141991587,1.3213282514331925,0.46722344427527585,0.7845944670834282,-0.507423921429989
FOXO4,0.4803605565547785,-2.538761478812208,-0.005635740207376375,-1.531786610863242,0.6165429572057884,-0.6798583983046569
FOXP1,-1.091101550017812,-0.2964205343338955,-0.49021093413222255,-1.3683040091823182,-0.9664172392347852,-0.08675229115435634
FOXP2,-0.1393592161774231,-0.8113862347984864,0.35940038876686625,0.3544908643986861,-0.1739530694207655,-0.09037166818297876
FOXP3,0.049125413732397705,-0.573065710151263,0.2786785211700026,-0.20901808804544264,-1.8683478711690755,-1.4099383371308838
FOXQ1,-2.4601179822064463,-0.3845003577040485,0.15594191188905301,-2.3661143601514447,-0.5032197920453995,-0.1874371583209304
GABPA,-0.4003201556374469,0.024944723630153754,0.7607978033802213,0.2445440026821104,-0.6974918387125401,-0.25838257054591535
GATA1,-0.9304680797896429,-1.9758779151349228,-2.1236427770168564,-1.7720425036583698,-2.8899335945172795,-0.7526492448894077
GATA2,-0.3753377165016487,-0.38187854994882936,0.9216484078079425,0.7219657319183979,-1.1023559087327057,0.45096446938831447
GATA3,0.12822450660955476,0.03150319331525633,0.34260000689468834,-0.416323972536284,-1.0427272755239652,0.844566429069923
GATA4,0.25436244649540996,0.7291965029091539,0.5571758046560885,0.2139733041116103,-0.28985139524666953,0.06945959315936215
GATA5,0.7165827469178092,-0.738183437116698,-1.8470627340233499,-0.2611981454124858,0.4194376089191839,1.3392777171135346
GATA6,-1.3714466313624845,-1.2146220041973577,0.5124550833671673,-1.0933796999359349,-2.3825734750374368,-1.0424924256902455
GFI1,0.8342034510825289,0.2822587277901644,2.3901671932609605,0.07821671355504746,1.7297820196963645,0.06517134011089494
GFI1B,-0.6592253293591696,-0.23232880855751445,-1.8074185250713446,3.119678985089081,-1.1453643884564584,-0.9864026755451122
GLI1,-0.4908069188812296,2.5185880981625686,0.26173531358657487,1.2482423916408836,-0.5203569103217623,0.4090125974275408
GLI2,1.3195258618780976,1.3969538363998322,0.3931451247629325,3.263362847288576,1.766700261875188,2.076062686121756
GLI3,0.3335643882760784,0.16403553042010924,0.00940927629131641,-0.16705250543483524,-0.9277684274185466,-0.297717732441704
GRHL2,0.34072226032526626,2.5079819403487456,0.08267800465360979,0.9110654923870273,-0.1781140134703314,0.9674628867633556
GRHL3,-0.9419004791189912,-0.4698433506638007,-0.8266844550407371,-2.3727494791783865,0.8703225290160762,-0.08765465501096231
GTF2I,1.7188869022077728,0.11525402131535202,0.10331538913817791,1.2944867952367574,0.07060981550965369,1.3680559313332556
GTF3A,-1.3183524597625103,-2.7379265643817963,-1.7741686094272973,-1.6975044643147101,-4.018823573368774,-1.8534091455362376
HAND2,-1.1094734175716918,0.6404758083456065,-1.5475981721663257,-0.04308574069365019,0.25972654119009064,-0.26991145594668253
HBP1,-3.9474562611016477,0.22539421473117757,0.03563528746056309,-2.3286324419574753,0.05306765310875693,-2.302960009348255
HDAC1,-2.3674796192072014,-0.04435928094424374,0.588750478679969,0.42959372657166456,-0.18843379153977416,-0.5667210610739531
HDAC3,0.7560814335129816,0.9337152659715372,0.24089408031100462,0.5904905551549389,0.00041713764963896793,-1.2708932360367586
HDAC4,0.7771505658285384,-0.9036480318787093,0.47852984427650624,-0.32308921966846765,0.23379643201104183,1.1351324909543226
HDAC5,1.0114052501977686,0.4622576323597652,-0.554273333985648,0.5501028730774652,-0.5797511737223469,0.9037824515614163
HDAC7,0.6248125622830291,0.3554174040901607,0.844270374038416,-0.6717214873746586,-0.7859570894835023,-1.4902657503496324
HDAC9,1.22319830827578,0.484467945491105,1.3228369383224512,2.001646294034889,0.4234261098720095,0.807397528458096
HDGF,-1.7323213627040714,0.013132996835727486,0.10852016800883325,-1.5476601270637573,-0.6045589507539557,0.0034846116682265608
HES1,-1.4255801871055034,-0.37276743537956664,-0.5185412570788784,-0.24720182381788913,-0.7908238548857466,1.4665441026427575
HESX1,1.237637383292384,0.21044624923480384,-0.6995586749197226,-0.8696671843214862,0.5819917346561938,1.090784663467803
HEY1,-0.06470060653899998,0.8357418932882361,0.8640552462552995,1.6501110987626486,-0.6044810012999486,0.17768862251657777
HEY2,-0.7471206019336576,0.2228231456759781,0.761985962887486,-0.47127685772052735,0.10348528501054521,0.31586520792546685
HHEX,1.7130461030439117,1.3681310694697395,0.5486563942811096,1.8406534420947975,0.17391210524849735,1.1875584276651365
HIC1,0.7859157080589333,-0.7273620527352653,-0.8384911137461077,-1.1468285645589484,-0.7307522699773615,-0.12707938582458617
HIF1A,0.6326196603553279,-1.7348404626039193,0.32466730408136873,0.2854835955281006,-0.3099568454234727,1.7126634295774539
HINFP,0.18166127470323032,0.15738469411195438,0.8536215453969284,0.2983360242689423,-0.18653644954836227,1.2570944035938745
HIPK2,1.9058503206367805,1.1515902837856002,0.3565064458115072,0.2746956169351808,0.23618733599461483,0.26249182480505967
HIVEP1,-2.251612293886728,-2.0793011843023588,-2.0523073214913103,-2.973086505221066,-4.496692780696524,-3.209102794252853
HIVEP2,-7.286499898222035,-6.616023325921504,-6.974714122057618,-8.402890782257181,-3.7361290530001603,-14.82143427060025
HLF,-2.0543561946711604,-2.255571625882872,-2.284835149511839,-1.9816279338018192,-4.153847836286532,-3.0178055233350958
HLX,1.203045588803696,-1.9831072814060782,-1.8445428144501315,-1.004235387035848,-2.295354418730437,0.22699611000746125
HMGA1,0.21958117462560078,-0.5293906699156651,-1.6836209712323766,-0.3682178146615896,-0.423775822109063,-1.2095301212261709
HMGA2,-0.008001334440462393,-0.9467729068332553,-0.7509746646715229,0.012701539318943756,0.25999189338171186,0.2683261683725309
HNF1A,0.21680813892163306,-0.8371092662135202,0.08423834234268894,1.4849552762274225,1.4664656935651144,1.4344321452778146
HNF1B,0.377533509101128,-0.9980534964343788,0.9585162886495624,2.2743455224020344,0.06494896132422445,-0.391551375394564
HNF4A,0.2481081970378889,0.3414467326258858,-0.7433444165855648,0.07291735320592015,-0.23780551238346417,1.482389990030779
HOXA1,0.7893542856347516,-0.700802103959466,0.5235743879561905,-0.14074595914483826,-0.6460853319066034,0.037322268156942215
HOXA10,-0.9513787448363538,-0.23754620572610308,-1.556360076489719,-0.9836046597998481,0.18924168263022526,-2.2039621093842774
HOXA13,-0.5610977907596297,0.24836738206880146,0.233287225472248,-0.8839571881707723,-0.5937582972160023,1.0184046892277459
HOXA5,-0.1877408667330486,-1.7440651463109376,-0.0508624690543354,0.5342726445891809,-0.03768735559204813,2.180116767486403
HOXA7,-1.4168386734795437,0.5470971196993867,0.1489642050442521,-0.22410072774532047,0.16395275515978958,0.45752193669134705
HOXA9,0.4570011542302264,0.6339253717485612,0.936601294353465,0.8722578245978512,1.2312551087040204,0.9115584926476101
HOXB13,0.8226811691027266,-0.6289418974956851,-1.2264943482311845,-0.9317405613136207,-0.43792589987374225,0.23599565249964635
HOXB4,0.7943862288643638,0.9642682020407497,0.7741659174138413,1.6480528813848263,1.3124287245966477,-0.7275636118279805
HOXB7,0.4637185086444437,-0.10319651227517282,-1.0960548577040894,0.046629739501138245,-0.09767769431056064,0.07292164316646615
HOXD3,0.8204505036310897,-0.7009169479637757,0.33962781417638155,0.33839371186847994,0.12421628393443045,-0.41274509609331994
HR,-2.7108206135368444,-4.040506135545041,-0.3889735730361601,-3.49636973171435,-0.9744236160140929,-3.449480646792811
HSF1,-0.5541361783775838,-1.7246163644210433,1.3409740192296629,-1.9144807174783967,-2.261585597012727,-0.2586884272728912
HSF2,0.29666413926104807,0.15558740778620073,1.012917046984919,-0.49585960124143524,0.4345921371243846,0.5948654976043245
HSF4,0.048780424782307936,-2.732350126463918,-0.7998583737305237,-1.2376144749032987,-0.5529318778322309,0.5723767820807625
HTATIP2,-0.5509903667939677,0.000875571316644642,-0.6329532382464154,-0.7409106533391049,0.8795791719879423,-0.033447366974670864
ID1,-0.9371993678758217,0.5543544447086589,-0.40855865146561837,1.9655550535758024,-1.3675157948662902,-0.12024294301185025
ID2,0.25348223035402523,-0.4212706859080562,1.119979475096329,-0.5069330522790141,0.027112661272404533,-0.6171424414671439
ID3,1.0341650690993067,-0.8374567719195544,0.29091572314514774,0.1339169697997136,-0.31478307754859186,1.240820410468214
ID4,-0.08740396780294947,0.5611223339990538,1.1225954380285075,0.4664604865038112,0.3975877400925453,-0.5887560900267427
IKZF1,0.6377652743582031,3.029401803723076,0.7953627422107894,-0.7410146072156074,3.55338821178921,2.682291147004022
ING4,0.05881108903617932,-0.2616605307295685,0.8718686269080522,0.750423558494204,-0.411276080117169,-0.10829595196480882
IRF1,-15.81286758145937,-17.04019355938905,-11.346617436210053,-16.739551322874394,-12.301592914079833,-18.706862903801667
IRF2,-6.197967758714609,-9.403967033743706,-4.548707192735282,-9.447270403201038,-8.010727581008823,-10.077348167308838
IRF3,-2.8878191659580086,-5.857605853040575,-3.0291634185157723,-4.791047701032061,-3.2771463857850893,-5.202112306929052
IRF4,-4.685268410344356,-4.278249364124331,-3.261150839271221,-4.38309217805961,-6.042876112968499,-8.518859125536332
IRF6,-0.6660295320916483,0.7386024918795736,0.075306598157511,-1.0646111298858572,-0.6922880705463087,-0.8681580301739689
IRF7,-3.4799365772482305,-3.752914484134199,-1.940071971065901,-3.817215697914121,-3.9526615348561025,-4.292690746854859
IRF8,-1.9795282384221433,-3.9451035915845956,0.855510958467272,-1.419513291290486,-0.3725271636987835,-1.8164085926304203
IRF9,-5.05260873532368,-10.763076010469485,-6.761194698259983,-11.474648724594323,-6.588798291916863,-9.089363888599683
IRX1,0.10647968123441129,-0.8586062899013586,-0.4633048327209187,0.5251623756717386,0.49058316144936576,0.2333547303565058
ISL1,-0.7402961490302167,-0.24025420830029598,0.5438839911356832,-0.3987311481810988,1.805838432255408,0.31101249577801654
JARID2,-0.18166425398646438,0.47370008973642397,-0.18628284436228687,-0.058825638571741695,-0.5599452903584504,-0.15895621918055935
JDP2,0.87856316767295,0.6968731646881056,0.3972963027040042,1.2167522260679113,0.3997315265504457,0.8006860396322063
JUN,-2.1667268244713003,-3.641738401203728,-2.6401779970249235,-3.0178388796953333,-0.9731634207270372,-1.5375586564486432
JUNB,-1.4214022446257055,-0.18498064384271568,0.5750912419021217,0.3997765454151709,-0.5122051417400749,-1.2788116157088565
JUND,-0.8551085771456219,-3.285828647677779,-0.26630071462508775,-2.865073557425892,-0.7599608167450198,-0.1564709205718207
KAT2B,-0.5694719496974141,3.3349656049265253,0.9037001495154205,1.2883585220242215,0.3981672519086137,0.384861616305199
KAT5,0.29944765273199925,0.9834717234744672,0.7519481460429516,1.7360078446291984,-0.15518754316867042,1.9655761782227075
KAT6A,0.05339580618239538,1.6834778658771556,0.6979985792317946,1.1941499020094573,0.04703998360844135,0.0780640707816745
KAT6B,1.2816561290996098,0.6511162372623165,0.8743786047018496,2.2823702023977375,-1.1184964508221695,-1.0745178602255347
KAT7,-0.5354934735126419,-1.2461053632270083,-0.13720682577323842,-0.9091965602341822,-1.3235816472834891,-1.1686807335819425
KDM2A,0.13005362195368148,-0.49027384364631144,1.042805035609847,1.161119014557288,0.25553896553674443,0.08313996833138615
KDM5A,0.4018519722846395,0.20528241183296062,2.1383778544202534,0.5825542585517038,-0.8142824850659072,-0.8529177170643347
KDM5B,2.189731948107865,1.290501296858906,0.9624402042575234,1.4397350931059234,0.4874979423655561,0.5593120831379406
KDM5C,1.3295734833431136,0.22260959976101846,0.6417732176617418,-0.17582005469335352,0.2078379379026616,-0.6683476577593217
KDM5D,-0.38857673339391513,-0.725547578369848,-0.07234014266237335,-1.5940097291320765,-0.17631758738846842,-0.2557779389341078
KLF1,-1.5716312383852207,0.5816427898738267,0.4403203634190375,0.4577490546371986,0.5341319529827359,-0.1363629496901562
KLF10,-0.5134334765396888,0.20030347967837223,-1.3729689782849095,1.0551813490365796,0.016665312798947878,-0.13452441383489638
KLF11,0.3341427033146448,-0.7796379977990341,1.0244859714413945,1.1116155715304914,0.7397070694312202,-1.0543535031045466
KLF13,0.8753955803612131,-0.250297940268154,1.4658345247531244,0.4594236875225477,1.3638488815769971,-1.6585427879468173
KLF15,1.5263546442897278,2.301203670294665,0.15015867984489026,0.320160279950365,0.6092065551071951,1.4205686089582121
KLF2,-1.2342012375940257,-1.434980650145321,-1.6906494510135661,0.6710142667700575,-0.2526289138624352,-0.17320816965310432
KLF4,-2.2988961219049115,0.06287130822964296,-0.3210034791032311,-0.3793312190698538,-1.07990066032535,-1.238257097591345
KLF5,0.19789908099806436,-0.5296748944604268,-0.7063191885274424,-0.9044083208658767,-0.9886660256213499,-1.4606596914188128
KLF6,-3.3383933498938707,-3.6420508895756707,-0.26041552993029327,-2.90769077960708,-0.7616497486244636,-2.545726311198147
KLF8,1.0753619919007313,-1.2606010498281763,1.1633599429596297,-1.2887883093813162,-0.23205474959399372,0.41287074662247386
KLF9,2.2171051082616784,1.7501401416524556,0.6138272557209977,1.2964423297303393,0.12083529005356446,0.9197337200423159
KMT2A,-0.22391349240172895,-0.4751072032439312,-0.08905501062072715,-1.9073534816620212,-1.7591458924964836,-1.468555535481228
KMT2B,0.6787459342769151,1.4751535599609293,0.05080472816903092,1.040583177577831,-0.8668899499367846,-0.05747059101280608
LEF1,0.2961298470214227,1.4968722362724116,0.24327819256438968,2.5252449392955016,0.5036566436742067,0.5631414211822504
LHX2,-2.1356087511660213,-2.676567490069659,-1.2837884798948285,-4.761782555831373,-3.700771194257627,-1.813267000078328
LHX8,0.47008878577226404,-0.06273419381894486,0.7757721367895656,-0.6126116303651649,0.268348067225092,-0.06856259343155194
LITAF,-0.228780330666974,-0.8758848318486627,-0.11352501853145194,-0.1035961130998617,-0.42447246388598714,0.10429390588905445
LMO2,-2.707961611388294,1.135785435925011,-1.3932638923994543,-0.31545268205653504,0.465600557084423,-0.7324879047242467
LMX1B,-1.7500764218899434,-1.5524251512728908,0.413688642674512,-1.2529741117990445,0.09929914147992809,-0.00274149862045191
LRRFIP1,0.6668854466756919,-1.0111422348463939,-0.2279412630996259,-1.3656281479422945,-0.1712823146725445,0.12889317227379274
LYL1,1.0719870604586346,0.35708855010475793,0.5390762112009071,0.7039461380865703,0.2768048181998889,-0.947169698721446
MAF,-0.26578786685475686,-0.42060372798770806,-0.07632391194483673,1.0242534391075957,0.17352390465411857,-0.07471119045544228
MAFB,0.8344835965128726,0.9911558382455004,0.8505191272900956,0.8661802177333765,0.6041743157586326,-0.3666680584488382
MAFG,0.6596437331995141,-0.04285954478439209,0.08672087028631148,1.4217300619640274,-0.3378551975384574,0.2392610994200785
MAFK,0.931262499578298,0.4183910472952362,0.5205756573381699,1.4666278228291796,-0.22919567851385794,0.8294896816798094
MAX,0.17989157698047595,0.14230517102075066,-0.21310361295981056,-0.35494537376063157,-0.8952499555724411,0.3442080593107517
MAZ,0.5522738827124312,-0.2175043394101399,0.09215887322509436,-0.05831875821561593,-0.046872797471935686,-0.24734088226039205
MBD1,-0.5622359493631066,-1.5661424619913773,-1.183090206813354,0.07694317102949465,0.08817416342715283,-0.8658350326371499
MBD2,-0.02997842329912885,0.8091949214431126,1.6135125339765033,-1.652323276613483,0.5030904446312685,-1.4528282279279126
MECOM,0.9359474120150332,-0.9933303097280382,-0.9130650535710032,0.7877140922952068,0.6097822340510289,-0.23844667805832648
MECP2,-0.4770835819703115,0.35506283196909855,0.9816427810934458,2.123829826919103,0.32674612575656975,-0.6325496367415365
MED1,-0.047351880214595576,0.3264004710980491,-0.06054045369644105,-0.5278554459858747,0.07766700869846754,0.7413891523877468
MEF2A,1.0949879412794608,-0.3082894766582183,-0.6912904295538589,0.019154267294166246,0.14315563241856444,1.7773218278863103
MEF2C,-0.19901076549399851,-0.7750818966790067,0.17098918532692642,0.816830064826737,-0.3108197916670984,0.4523508995833973
MEF2D,0.9248449427486085,-0.031116465289702487,-0.32912902942932776,0.7411045970646256,0.2618917729933249,1.9980131298482342
MEIS1,0.22864522749616417,-0.5905026179916139,0.6959329440436622,-0.0017451192107343155,0.4651731375453779,-0.021971747610394537
MITF,0.5955634563521264,-2.5111886203004916,-1.9222901991904735,-0.47898685265024044,-0.7186910480761172,0.28543757266555814
MKX,0.5468946446888802,1.6233976793937883,0.5050113013753514,3.9692999185979843,2.482447645977948,-1.6317364196480235
MLXIPL,1.1487274491111568,1.6205559451714782,-0.18912093093446775,-1.728949943274024,-0.046395505532339454,-0.6447390881108211
MNT,-0.32361490407693794,0.17517850487976389,0.024412346556372064,0.460474499406958,-1.3125331026400862,-0.38771124108355637
MSC,0.7764795338469684,-0.42036843297076204,1.4053019438762928,0.2796310148855976,0.05158876603842452,-1.0336364749752098
MSX1,1.804099005332723,0.29655551272330133,0.8519013928557642,-0.00992754521220404,-0.21493635967224511,0.4664381678295638
MSX2,0.09949876747923188,-0.3424326186447188,-1.0756197993777943,-0.7950448417062383,0.4290092555321845,0.06732644240114877
MTA1,-1.1770486189103613,-0.9725251328029086,-0.12441259063695782,0.1491202098401187,-0.8808423870952437,0.6805146611351052
MTA3,-0.4318824974939895,-0.7965733688232349,0.8478725254737404,-0.09104873262134794,0.13859984528656286,0.5684011303486293
MTF1,-0.055947021975204014,0.36009515485787186,-0.010206941199012826,-0.01496796698174816,-0.44555620456579237,-1.553480207868331
MXD1,-0.7602366536692488,-1.1058527903103887,-0.484592722047951,-0.8079436624244812,-0.0894713780182151,-1.0261096860582692
MXI1,0.05498002486298589,0.02957158839971498,-0.4634237042481982,0.0709784584285819,-2.2677219738681282,0.26998869194140895
MYB,0.5806467215890277,1.1040418187656236,0.32762345891269445,-0.37167190400187355,0.16646018833033716,-1.332186404322474
MYBL1,-0.4199427414837663,0.9188273245912485,-0.46185462671479977,0.3571612945369939,0.5018790815066702,0.5089370833478538
MYBL2,0.06804400148564693,0.35254237948792994,0.1767082709484072,-1.1891318214555398,0.934801368526616,0.7615231978175574
MYC,-0.3209711482515641,-0.13023483082122778,-2.020779617146289,-3.374512652599329,-1.9078446174612764,0.4294379011561141
MYCN,-0.9247059576427865,1.0729997631872592,-0.899197870148863,-1.2607613198108585,-1.0649408651428351,-1.3616819603126258
MYF5,1.9837871918071017,0.8899026709266483,0.5563474337814797,0.9553737875170608,-0.2314149440192856,0.86935751758168
MYF6,0.679594264791889,0.3519566361783492,-0.3180395703092054,0.11437977508970507,0.4463060481439028,0.9971925324185433
MYOD1,-0.5310281226011112,-0.3700091755991437,0.035435173957916864,0.3014802431386963,-0.5302171309313023,-2.326881235565737
MYOG,1.7462517355312537,1.0994507832548372,0.1306050883272719,1.1497579989336062,0.6436307180852658,1.019791201782592
MZF1,-0.0968823604501219,-0.2172578579627895,0.7387419572587985,-0.013501278349080615,0.7813751959719435,-0.032322640144309835
NANOG,-0.29919659145449357,-2.0976443253577384,-1.349591827233485,-1.1016101128026787,0.5282315884775755,0.34500706318155744
NCOA1,0.6565084953414403,-1.400727468639679,1.9940582550798798,-0.9918137299525587,-1.004975742826093,-0.6717480306773567
NCOA2,1.8941327452519685,0.8095166361663159,1.3264468474321858,0.2532811658290805,0.8242265940615693,0.5892413026666053
NCOA3,1.073508551819248,0.6610806975000807,1.7919522409879094,-0.8270926078538889,0.7232893155690292,0.9151941368871666
NCOR1,0.576904427930483,-1.2138424711160642,1.894209333938142,-0.7675641283357122,1.0013140545148318,0.5306965521030234
NCOR2,-1.1265063350653823,-1.9407878543097203,1.9177471010057796,-2.3299557551638292,1.303685422625241,0.6097957001942999
NEUROD1,0.3734968784629315,-0.726987339136809,0.7122445116075363,0.8659477845042616,0.29674676297625663,0.4693773704030075
NEUROG2,-1.0977038580126843,0.12524671591341544,0.44904034097748236,2.046075806094482,0.12110336698880277,0.3994224561436481
NEUROG3,-1.8509070338857534,-0.06821347582829819,0.8956897594072332,0.07961242335419438,1.3848230559663661,-0.027930043432232494
NFAT5,0.02333187753730341,1.1712484967391137,-0.17942998078976063,0.41500538722805413,0.22618765122530343,-0.8944344771807733
NFATC1,-4.055484419222593,-3.9403687281473463,1.1429389784232729,-2.4022944209261787,-1.4922235826644776,-1.1192117705914586
NFATC2,-2.6272656427105465,-2.544732348658903,-0.09713983600053594,-2.5410694389990214,-0.6299169873566365,-1.6376240296915061
NFATC3,-0.12573732344293842,-3.9941402051979025,-0.41196043238390184,-1.6750561686253662,-1.1175003141832873,0.1883447726581639
NFATC4,-0.7978145516922995,1.3076619819101083,-0.08204337793716478,-0.39393167852694544,-0.1375858471811155,-0.24743043678925744
NFE2,1.785948621778334,0.5728447027084587,1.6807164217082582,2.0390775862243147,1.1536750858322153,0.56971761577931
NFE2L1,0.7048772730800942,0.36949208906244346,-0.3710929961365398,-2.0938625403816937,0.5679881542386948,-0.5571155994985473
NFE2L2,0.32687703221158937,0.04907127882196343,0.9363539993338948,0.4490345906042869,0.551200415761292,-0.38935215643723364
NFIA,-0.18441488132993614,-0.5189221763826983,-1.240740919087256,-2.1303198294537977,-2.237782897606084,-2.3977954356937348
NFIB,-1.2564095314891133,-0.5293937590911856,0.8590213717900812,-0.6072000996846417,-1.0230696983710148,-1.1533568339643192
NFIC,1.5211242452216,-1.7614311128012123,0.15900220198091083,-2.1069078921045237,-1.9920520142761389,-1.2669627020650451
NFIL3,-0.19687065714546673,-2.0682723742782265,-1.3478395161241439,-2.162314803621952,0.36475337756258003,-0.395445579455912
NFIX,-0.7149905693425183,0.34573946326287347,0.02397792657760902,-0.27292423357392176,-1.0609649182954488,-0.6228641870459688
NFKB,-4.842231819649861,-6.182384747037875,-2.8527075047593256,-5.946643256609554,-2.526673398029904,-3.8891699998780584
NFKB1,-8.890229085306542,-9.551691933855755,-5.454061795232186,-9.867682484837294,-9.306448415589218,-10.031716333307621
NFKB2,-1.69524699287584,-0.7472039175748701,-0.8671524252390977,-0.7815882080154666,-3.364828073776992,-2.8550648930386764
NFKBIB,-2.8917269253152744,-2.6558487782730427,0.9426941460647233,-1.394047299158963,1.0913632430081501,-0.661910010671624
NFYA,0.6236725663371563,-1.0234240782209316,-1.114699083596111,-3.3015960939026674,-1.267042358198081,-1.4535803477253706
NFYB,-4.50390770831787,-3.470469883726191,-1.623369190217688,-6.895437463511441,-2.045453876611915,-6.83568394712667
NFYC,-0.40288500299208496,-1.31228590660818,-0.3700233888797712,-3.2113043188054835,0.4206733175764429,-1.209546185491181
NKX2-1,-0.5039375447089398,-1.0630041549051472,-0.9828418940848422,-2.57243907700499,0.814101650901423,-0.8327375185037623
NKX2-5,-1.255341495074567,-0.18309830216175801,-0.18788515292587127,0.23820099487438498,0.38603226160381254,0.26895527597848673
NKX3-1,-1.2572958422230318,-1.6972103593266634,-1.0478210678434592,0.019127174159737356,-1.4738376466175962,-0.3445283212991055
NONO,0.9415058056355049,0.20684536649152965,-0.3544662408543841,0.10271519560162048,-0.7196698575127509,-1.1213884375121783
NOTCH1,-0.34379295382394776,1.749459633894162,0.8640446792445442,1.7937696530091214,1.0030328538079374,0.7555807604502498
NPAS2,0.8219567242894199,1.5518403828482994,-0.5731084491963349,1.4979219971125524,0.23262035535454756,2.3121360912887545
NPM1,-0.11213599034296658,-0.1117257225507615,0.15418505481693465,-0.6654940941079013,0.671512408583846,0.4367969803829579
NR0B1,-0.8837216816246358,0.5179999146246336,1.0466804289273097,1.161583666771404,0.6048900175514387,-0.620847346697725
NR0B2,1.08157160246176,0.6770721011131523,0.01653779761169836,2.1151178241784763,0.08005611997323583,-0.7917333135972353
NR1D1,-1.7339256127350682,-3.4125185900576405,-0.050403607059661494,-2.6527195819544898,-0.009427487640957376,-0.3865419000978034
NR1H2,1.6661484448407513,-0.905332037046084,0.35598316304173044,-0.0666448993745086,-1.089402040540468,0.4061315063854678
NR1H3,1.7850884561484863,0.4555822909272048,0.0680423491070718,-1.3858538728388619,-0.6974644731873416,-1.51676067253877
NR1H4,-0.9629099289262149,0.3367447054530555,0.2828521393477614,-1.729795095151909,-1.8218104946148004,-2.20729718605562
NR1I2,0.22748923674747645,-0.8570527731505512,1.0670245708684085,0.9442446485916804,-1.2353650954694888,1.2057171889397567
NR1I3,-1.5499313806986477,0.6293882411592225,-0.2717604798634241,0.22225675734782582,-0.7203571196905011,-0.9477478606939435
NR2C1,-0.33371391385187005,0.3962248176933953,-1.3441411055794055,-1.9085856303548607,0.3531149136818242,1.0793461800085058
NR2C2,0.37946649478399125,0.6098013720324686,-0.6646783431079147,-1.891811459330535,0.5045186319219159,0.6290755427343594
NR2E1,-0.4815116773714838,0.8543647308498307,0.9352350648149171,0.18332288568077354,-0.11868664768785989,0.6010429556171368
NR2F1,0.35868722801283176,0.05128759768094141,-0.18098054607366376,-0.184165661210506,1.3818045386523277,0.04731571102891098
NR2F2,-0.2989253510208633,0.689844637979805,-1.1425233310124454,-1.0061610815386854,0.2113488852395414,0.6104387876748747
NR3C1,0.7106462400349409,1.9706321171923211,-0.09062054755893115,1.7639117162773583,1.9737953445359906,-0.026802119627947974
NR3C2,-0.2699898538701431,-0.32365189092012514,0.4861368438381558,-0.9206238471783718,1.093553988916291,-0.8613437300596295
NR4A1,-1.6360816111836085,-0.8967767439588267,-0.4980490112558149,-2.17407885493194,0.13355722782727059,2.0283016085306866
NR4A2,-2.224940861140311,-1.7665985735951464,-3.975781613045589,-1.4754939096543171,-0.45067373854161796,-0.16686105419135266
NR4A3,-3.4417042211634032,-2.3596561253100172,1.3321117854764257,-3.452177848624335,-1.8540438716764245,-1.7526146347593476
NR5A1,0.5541941946886129,1.5044522862227867,1.166150258231892,0.4619671349256416,0.2939369971010958,0.39443783172601116
NR5A2,2.169489143646247,3.239903253097604,0.3857544970922646,-1.087777448507019,0.2459532383691498,-0.12355873952996481
NR6A1,-0.13480990950830443,-0.5584728120238883,1.5636317801415027,0.5528242936771168,1.2304858214848053,0.7193393016973096
NRF1,0.41344428843493214,-0.481201151054725,-1.043549135462638,-1.1754766466946442,0.1300715533145689,-0.39013862915616715
NRG1,0.4635583872828454,-0.8019562335815281,0.5799870989483276,0.8663025433242139,-0.6955691492058524,-0.2123899551720704
NRL,-0.05846520621920384,-0.3295834105146899,-0.2463730240495461,1.6560216747618968,0.9636464536417514,1.5468597667943367
NSD2,0.15218192884889659,1.0216684301955214,1.1958149872925954,-1.0079903400248138,-0.04990280197621595,0.04124423680083742
OLIG2,0.014202471657242534,1.109946127497088,1.8938679835236738,-0.9159502088737284,0.2702475808948582,0.11667960379291957
ONECUT1,2.4471941296883575,0.34985149126258436,-0.17679410817158453,0.6435817972989092,0.19420142620351208,0.09569085777978074
OTX2,0.8964293260995112,0.6030418744201115,1.3222131997377147,-0.7338359611196842,0.6031247543910802,2.328843611638736
PATZ1,-0.2156540737089011,1.2174069110729182,1.972080637130279,0.7495274005633575,0.23822829482664765,1.645510934446018
PAX3,0.08249636267794175,-0.45412340921095334,-1.3126625403462573,1.0786481618448356,-0.1866114294904419,-0.8375369547187038
PAX5,0.4724303544155719,-0.1840670215183368,-1.6648160190343582,1.2455233543252269,-0.3439512918398555,-0.645963151812391
PAX6,0.2570632457891828,1.4035646265052837,0.6036075448177847,0.3011676587947983,-0.07268509839453377,0.6583975643870066
PAX7,1.1559340698668776,0.06555486429511619,-0.2862418291916477,0.6836106370421463,-1.1871948075515144,-0.5600449989838459
PAX8,-2.01952221919052,1.5763561177581369,-0.7516537423237969,-1.0598741096506743,0.07426538968144324,-2.305111683149379
PBX1,-1.32838805461647,-1.3834652733025747,0.04347840052643568,-1.0468695677744093,-0.8302269986548101,0.5896569006174911
PDX1,1.4989669657727769,-0.6211037884418326,1.8328045510273183,0.34252108788722113,-0.4949611099096355,0.4000765370774208
PGR,0.4373851547188793,-0.5885687412718346,0.8313781910127538,-0.07555958224806723,-0.5159949875634647,1.2483343382105074
PHF20,-3.984587672988937,-4.107236749388217,-2.984246951826635,-5.2843128758343365,-4.149932566227831,-6.413814506805963
PITX1,0.5602075491147511,1.0360653619586881,2.7428711682301152,1.2989174726350623,1.7152714799282605,0.05590237814021893
PITX2,1.6124914567580308,-0.13448089960297252,0.25498845328067077,1.7023164837609273,-0.127541618757289,1.3505584348440238
PITX3,0.8160203043526185,1.4285070545850704,1.2824008744576354,0.582465655102811,-0.16683446433558669,0.2662094636468513
PKNOX1,-1.1521719621812292,0.5371828219864448,1.2382109876835083,1.1136852695650619,0.27242155406786356,-0.6995526078713884
PLAG1,1.904481788201412,0.3780153984204713,0.07886002135435032,0.6929401251853254,-0.1931373463379667,0.664013746782836
PLAGL1,1.2899792621581971,3.1579359241216487,1.1653928716439823,1.3609203990348322,0.8133225228786831,-1.4165806668532457
PML,-0.8730092872163793,-2.943608393278219,-1.426223078353834,-1.8965947131154426,-0.8162613352176488,-0.4486382551432284
POU1F1,0.260968063343038,-0.38512471366522394,0.35378388651189213,-2.7794280681109025,-0.4127191080782944,-0.05155573984380586
POU2F1,0.9687088228592123,0.29919372286195994,0.12298722775743283,-2.1263154212034943,0.7952423515171628,-0.1250191184024157
POU2F2,0.5919765078026067,0.4702739058087813,0.020631765121596972,-0.131686445265861,0.7078179375653093,0.39830802791950914
POU3F2,1.140170516941579,0.11637248947556261,-1.4403248345951722,-1.0831931668192414,-3.2281076211437587,-2.542016297925209
POU4F1,0.3321288713153227,1.0147546943374857,-1.2617465937196188,1.7381906669894802,1.1131220427884645,0.2468635801329278
POU4F2,-0.18487301235995587,-1.0199879276854351,-0.5029321104975972,-3.4175031587687177,0.4502355334914845,0.45182551433426893
POU5F1,0.545119784192922,0.4943174297975763,0.4164875854269479,-0.5454670672219009,1.901158174458102,1.0834425270693326
PPARA,-0.8507083373678126,1.4528796874360417,0.04724997542173551,0.8254924566558324,-0.6987460801717309,-0.2654397798134386
PPARD,-4.073527383010906,-1.1685852842678033,-0.8633040491405073,-1.1747345626975985,1.1126742233087072,-0.9760973206649955
PPARG,-1.409360787363665,-0.46238131049806297,0.8308111374448419,-0.9372928499117379,-0.908029188109088,0.7680692851853281
PPARGC1A,-0.5405424634962258,-0.689478297973307,0.7367993271583839,-0.02747159082545841,0.713684771603087,-0.015783035119169644
PRDM1,-1.2331040565936404,-0.2514129868047584,-2.839849849449219,0.2484274413158831,-2.583133249976945,1.7758773221310649
PRDM4,-0.970878332592816,1.0999224239851872,0.06925557611422524,-0.6475158565125086,-0.008062868906969715,-0.07374573580612517
PROX1,-0.2719353280367189,-0.7211517362682119,-2.2864784552098856,-0.15870333044256585,0.08597229903963191,0.8132835563784082
PURA,0.2109156886361984,1.6117071672441277,-1.0737904080058076,1.5720663806732376,0.34228467411046365,-0.71866695528903
RARA,-2.753835656357879,-5.190049792163419,0.7812307815607379,-2.432383334202598,-0.15051843655985978,-1.4404883267038773
RARB,-1.2685624574051657,-1.4506143456632792,0.4810670647026831,-1.528596815584674,-0.6839900237983888,-1.0363296563181554
RARG,-1.7110085279391787,-0.9443841086009083,1.2298761880268818,-1.2742324711597572,-0.8716658902026904,-0.70912382736238
RB1,-1.2946365275033596,0.338448995513584,0.15394601762165913,0.3536891613280829,-0.47848555539682575,0.4879603681994918
RBPJ,-0.8157769277725405,-0.30799480453594974,0.7590183877408324,0.12285507164507557,0.9006847462395254,-0.11911527668058922
RCOR2,-0.3208013630748106,-0.2534705163050708,-1.5091956498964747,-1.4129873509264288,-3.218851830120177,-2.314557873050018
REL,-5.9351171142781505,-6.612385073447379,-1.638111193662474,-5.6750316051017755,0.31850836884431033,-5.173715680059645
RELA,-8.060932578802726,-8.554340768639536,-4.200938654471988,-8.305268059594908,-6.003302704695558,-9.524834202050066
RELB,-1.9334612433220526,-0.6199553521516314,1.4362079461889723,0.571848110414843,0.41232161990109645,-0.5918114424661338
REST,0.2903273385445646,-0.2674014990089581,1.404668174752675,0.6013470108890145,2.481980817517298,1.8452475361729443
RFX1,-2.9771262023149547,-3.216924395796524,-2.0470991551670306,-1.54983826014874,-3.612897895216012,-5.726796347272361
RFX5,-5.865642575710164,-4.703870251599587,-1.6333246693778132,-7.3447355121373485,-4.015024790614631,-10.713263689565622
RORA,1.4469591243192699,0.9630455376659937,0.3631315845797078,1.0527078105072447,2.6949938694490716,1.6638125499054106
RUNX1,-0.8187535543726518,-0.980231863762805,-3.056302745658418,-0.07451679699745176,-1.6048263311347242,-0.8826843073392588
RUNX2,1.7517641510249375,1.5380810143463732,1.3023088257278186,2.6078600434952692,1.0557440539052476,0.5051703917679432
RUNX3,0.39663455328250335,-2.130529744573547,-0.6775389011917589,-1.7586410506386665,-0.7561420844690572,-1.1153266397602009
RXRA,-1.2535258024777987,-3.8283690196929427,0.9602413359939985,-3.262928122328898,-0.0880198241431243,0.06463400518604394
RXRB,-0.731363490748504,-3.595254378753212,0.9254425439400495,-1.138043923863619,-2.1681687907796356,-1.9268841691756051
SALL4,-0.14619606442641347,-1.0688498394680435,-0.8795574860050925,-0.6997843513670158,0.19039324204846325,0.7721625087786795
SATB1,-0.7565519867511546,0.0054866268568926025,0.4812201661970368,-0.6822587468601541,-0.35876634755934106,0.36182439001361455
SATB2,0.5500487318627212,-0.6368105870897934,1.403737691999122,-0.29247868501592705,-0.6200987194814291,0.3064934922149804
SFPQ,1.999511649133905,-0.6393882013932147,1.1257802385310494,0.08534063498952862,-0.5523562219167879,-1.4223195484890556
SIM2,0.7295047342239243,0.4924117327359243,0.7369464786450193,0.8556010217508789,1.6642358086233842,0.31310444224521145
SIRT1,0.4802904294274754,-0.6713192350832645,0.5009022815374938,0.25522712392492064,1.4693339527976845,0.6859324560020441
SIX1,1.8404351586685843,-1.9435057815495784,0.9241599041153739,-1.2411666437083047,0.3677933250152622,0.35107637756342147
SKIL,0.4483163423256004,1.7197395055975802,0.39753068297906824,-2.0210410138402874,-0.004048228504095333,0.8571354353990439
SMAD1,0.7545615187203484,1.3159162153096207,-0.2217815046854867,-1.0529659030787404,-1.7592538846497003,-0.6748129227354405
SMAD2,0.9750263055992026,0.5650903181352693,-2.109847465248393,0.7558953393808803,0.45703134378753046,0.7639590011155074
SMAD3,0.6159317602590411,0.584983434551839,1.2412409835180556,1.1853733531432953,-0.32474557124277925,2.1812845308876696
SMAD4,0.11631507439639142,-1.5273840326907184,-2.159318494974706,-2.1371859701965144,0.036819712856492465,0.10846432559972176
SMAD5,1.3198646809159096,1.6585069066773472,-0.3290204220512975,1.0449279991792657,-1.7115279499057277,-0.25935868427493747
SMAD6,1.5880707716537315,0.5258082307425299,0.32794481609854204,-0.9220293478027387,0.0011662837621710727,0.02929472313114554
SMAD7,-1.6804230857321536,-0.5362260736404568,-0.24104254376068146,-0.9254381434072511,-0.22769453831982223,-0.3771852382267361
SMARCA1,0.7703051980427847,1.052648108518143,0.4983803533845274,0.05017896887030283,0.5927941352618,-1.4579606927559627
SMARCA4,-2.500791342949164,0.3943994514015905,1.0178679787088756,-0.20251745507579788,0.07390449752164821,-1.0050141671013288
SMARCA5,0.07076768480541293,-0.6659821073130167,0.0035172965270921777,0.047901289667254376,0.31096677506914283,-0.10799294829834906
SMARCC1,1.4131404273950006,0.15185566243301502,0.022381076835829385,0.1646754496132369,-0.4350243456741214,-0.006140748649863654
SNAI1,0.02146417059494095,-0.7496069472789714,-0.4592993775102437,-0.4574544497310086,-0.5698003485159528,0.5969629853775773
SNAI2,-1.3908485830249218,-0.6001026481705308,-0.6557287585794808,0.07129694221784554,-2.4095687089450863,-1.0585791923628076
SOX10,0.4588275569908756,-0.1349299178549516,-1.0669516427951624,1.0221200761006073,-0.021940383422432746,0.8009863601974754
SOX11,0.9954357634742046,0.6055262954644428,-0.4188808769248791,0.9054314987090077,2.8540018972349985,0.16236846663793078
SOX17,1.2810187116489251,-0.40567209420500716,2.8320840137015044,-1.1674523164183452,0.6846966852969495,0.5234633939887405
SOX2,-0.7732743773658194,0.4046124527978352,0.7020220023783934,0.8721269906978237,0.3553560024688256,0.08438050967232474
SOX4,0.3805930676229872,0.9838948427325778,-0.924855804837188,1.0469526022222218,0.33391668347620557,0.22252597813949862
SOX6,1.0262083427413715,1.7348988145903297,0.21227554983482566,3.78757883806754,0.41155319163845844,-0.45361288050511955
SOX9,0.6079601435487998,0.6208444028254182,0.6412963789964756,0.04167570769080481,-0.23054059030651797,0.9474738985473019
SP1,-0.4732286751201362,-2.892129760933989,-1.0343060059826745,0.655961942584178,-0.13238263752838095,0.8361516146165863
SP2,1.7786267581711375,0.9578219924715939,-0.30785465228411374,-1.7540159579841201,-0.05259200868569618,-0.6104337766088134
SP3,-2.7572605098506457,-3.4119564730170717,-1.7485495206481216,-2.6937005701065586,-0.8464462771284904,-1.9975347645501773
SP4,0.11094023486885975,-0.224544317984019,-0.25282558790820775,-0.02094422312489355,0.8851400220744198,-0.13930164683732832
SP7,-0.7235764747827488,0.6547973729310893,1.6924647565527111,-0.20134231673589342,-0.7320100996662681,0.6404059084550416
SPDEF,0.18824571222511705,0.5603067849471113,1.361315723079524,1.175977758383318,0.08204158640823442,0.15004506845470858
SPI1,-5.4192114194023135,-6.462589251334741,-1.9048318753018336,-7.234878473537488,-4.159053423682202,-4.928057474961172
SREBF1,0.887383516044618,-0.3900604343603097,-0.9779659120608375,-2.6653742875553976,0.7985143326338842,-2.370199414974455
SREBF2,2.8742466405143663,0.33335004975365046,-0.9994276811106878,-1.9589888217195075,-0.36816212294550815,-0.042699242977582715
SRF,0.42446738231451625,-1.979575387741461,-0.8846907266347891,1.4088613920752282,-1.2419166638716927,1.2593663894956677
SRSF2,-0.2000271906119882,0.41791755947230674,-1.1263804204357157,-0.734277424052303,0.0679441594671175,0.4474865701235946
SRY,-0.44019996393816424,0.7830533906099842,-1.191400829623094,1.1097534658167316,0.533391478931035,-0.3195021367697349
SSRP1,-0.001961127231204613,-1.1044556894363295,-0.4663358006853397,-1.6719082218524663,-0.10686527107727978,-0.5218098263382143
STAT1,-13.020523645210842,-15.948147633282248,-11.6746748104225,-15.844025275590512,-9.654557003548755,-11.503059119470816
STAT2,-6.614609919775652,-8.658211714565942,-6.940842690068085,-8.179241672833824,-9.856201344704603,-9.197986906762205
STAT3,-3.315158118856027,-5.407285402922822,-4.097020996609425,-5.428173517617657,-2.822905187246857,-3.550005247189105
STAT5A,1.3102890264002465,-1.3743730082294454,-0.809952683718442,-1.5110189035020243,-0.6795580490960926,0.9671112313476913
STAT5B,1.038410638526786,-2.260140936275065,-0.43041610894111376,-3.787340207459515,0.6595253558436052,2.6900299090723956
STAT6,-0.5791163526624629,-4.176955814625862,-0.14140166661045078,-2.509451683906027,0.5185223891488715,-1.1829884027794821
TAF1,-0.743810347846256,-2.259902193735303,-0.14052026696853145,-1.765659094809187,-0.7716562013350808,-2.3184508801901176
TAL1,-0.03785883449384117,0.5660450446738348,1.1263812153675556,-0.2930971423537848,-0.6785438904989513,-1.0664098528610537
TBP,-2.752626471166338,0.37950083384321137,0.5914442843231494,-0.2611618323460616,1.4535062902360194,-0.5228408072513171
TBPL1,-1.1498067406435022,-0.9128109627232036,1.0475941949013896,-0.7162672267314,0.7108816778378148,1.246568334383684
TBPL2,-0.6901622280888744,0.25211636523909614,-0.16389913245537388,0.12062367375444479,-0.5240100933383788,0.47700641354536677
TBX15,0.44293902795058465,-0.6050868827957834,1.4104264278133225,-0.9073451629909883,0.3773251727515073,0.41917651955712953
TBX2,0.07348142264537127,-0.7320255309082534,-0.9391872651494699,0.6647541526195335,-0.4541411046180259,-0.37527084499513647
TBX21,-2.585611637071105,-0.3437097942995488,0.6326340032230712,-2.1795255503086803,-0.24336859389947563,-3.345162502710083
TBX3,0.6621217205445398,0.060790470446958046,1.4512299210239354,0.21185167173293756,1.5841992747288498,-0.25237551545277587
TBX5,0.24783214288905192,0.11778331652583919,0.22803418877255893,0.696252078379989,-0.5950000386342781,0.01528042604542595
TCF12,-1.299010175877202,-1.8604785770462196,0.30155430845726144,-0.8019876514625753,-0.005799841064740557,-2.418213366100288
TCF3,-1.778573180472827,-2.4621998680646517,-0.7247666458487659,-2.923369328250282,-0.6499385403926133,0.6153058669600348
TCF4,-0.20180163576775195,0.3610976213215338,0.810632218013269,1.7143445225876652,-1.1844739497077166,0.6098266426130062
TCF7,0.4778698599805861,1.3033314543822778,0.9522399840662545,2.18484754429788,0.13809493563510036,-0.2871192341943009
TCF7L2,0.6721614693348053,0.3599515888898223,-0.8239801092003457,0.4805760095755989,-0.35894265208759085,0.8526139249763667
TEAD1,-0.2616983361969501,-0.5626460763652972,1.0825181045462127,-1.2182602777572804,-1.4632300373472968,0.8344564924208488
TEF,0.8527957840929122,1.882562675835044,0.9399459269809666,1.2689608243693289,0.19177217724310525,0.03288366333619787
TET1,-0.46623437393635375,0.8876755703258119,-0.2422347618051623,-0.16548397535667378,0.4307449869352203,0.23881738341077258
TFAM,-0.39419357189115223,0.4940710184587631,-0.34358724032351634,0.9366098556637379,-1.0447854728304766,-0.540741891226062
TFAP2A,0.3350982123686026,-0.2922678559758931,0.01085688106897404,-1.2589617667800768,0.05023787104127024,-1.0577949849346135
TFAP2B,-1.3568481501178833,-1.4875386456573638,1.3818758174518084,-1.3301168857856347,0.04508329407072559,-0.736211445030633
TFAP2C,1.5799204905730033,1.1140483352043804,0.2595958508392113,0.5241056851424871,-0.16181889784565884,0.4240399066163579
TFAP4,-0.6296301399040557,-1.1505941626057008,-1.4565853737359384,0.36644465783700336,0.9345552099733851,-0.057011979175115725
TFCP2,-1.149703235667889,0.793733438789691,-0.13114275095098635,-1.4633468148395203,-0.11316743564143332,-0.04977551785644774
TFDP1,-0.5940552285412993,0.2559370094247538,1.327638334369918,-1.1207946776070825,-0.039328138283395396,-1.2270899883434108
TFDP3,0.6498278823895868,-0.8020372942820969,1.058241426255651,0.7697226941180269,-1.4707273395972067,1.3133110124446077
TFE3,-0.8870577967955111,-1.362340183050361,1.5345177201584064,-0.07774137953186043,1.0155593816443613,-0.24465729515059517
TGFB1I1,-0.03160714357237278,-0.7148571767282376,0.40661132948606754,-0.001963130995699835,0.24431547160793862,-0.4237498397296338
TGIF1,1.1153937266730833,0.637219917118421,-0.26773835526918305,0.3502735934656916,-0.039380805126828095,0.028923156297780906
THRA,0.7392308682192221,0.38339729297173286,-0.3654739215754579,1.775463264713703,0.7855623244429896,-0.14166643193053352
THRB,-0.03501071692362428,-0.529941305033203,-1.5411187452002144,0.4969446844005692,0.3668077361651579,0.6302167033045687
TP53,-0.26107797864536664,-2.2340448260811474,-0.7145428289822299,-3.170867723800072,-2.61176239817303,-2.2344333146988795
TP63,-1.1690936565264332,-1.9793540199722561,2.0319330633940953,0.43518506620483455,-0.8856870428291242,1.3231366382658145
TP73,1.2814169948698595,1.1237221260874288,0.22323350461210917,1.2329182289793426,0.41565792473842644,0.8318084018342105
TRPS1,0.26481537726988685,-0.12250254164128493,1.1452250072020052,-0.5382206308570073,1.0083161672074459,0.9857074630298183
TTF1,0.6329042097696105,0.7012333857957364,-0.6314400646499891,-0.15242858930429795,0.5448974177645914,0.7842742561952045
TWIST1,-0.15354834533666822,-1.8619346970948925,-1.4860420389141278,-0.34378250445342456,-0.7295622936108664,-0.4343211091721353
TWIST2,-0.058263158110328145,-2.29941312147089,-1.385539905792257,-1.726244752338522,-1.1126899022950543,-0.8989562341458214
UBTF,0.835677075612929,0.007207257420879798,0.49978662660455764,-0.9173261805656295,1.2426326658758235,0.29185811266638045
USF1,-1.4928319156684517,-0.9162064043454282,-1.1678433292879329,-2.076811860846012,-0.1058705795072889,-3.310543245584617
USF2,-0.9724049757283602,-0.16725580922814684,-0.41145139611467985,0.32017592759580127,-0.18146511980909527,-3.0925099674884855
VDR,0.03353778003091082,0.7126041226873727,0.7815180159269477,1.929234056393627,0.5366745872107133,0.007146514680103668
VHL,0.0525409515232917,0.5833019152034294,1.151314297237363,0.524512391346678,0.3431519703661236,-0.21743799474777714
VSX2,0.5164691215740186,0.4528285394936187,1.0665726134112268,0.5999611564169439,0.13362728613695363,-0.4342365249267947
WT1,0.4167655149075644,-0.017004038929361826,-0.9553035829834524,-2.1620315540086374,-1.288607056052267,0.8262580975137787
WWTR1,0.1215532818493673,-0.559341350429787,-0.5683748501201912,-0.7774788801039357,-1.660990038706729,0.6165219670228882
XBP1,-0.47020301858145475,-1.5192655379088689,-0.7348050649087305,-1.313178759252137,-1.2186622589821294,-0.16862555932539028
YBX1,0.5422058075249431,-1.475092155571999,-1.8426302265139105,-0.2672131561880388,-1.5212347655283167,0.007643694567976791
YBX3,-0.867569039919551,0.2552807679736957,0.2790091233822607,-0.1900134760631892,0.5028699581070286,-0.601585354193204
YY1,0.030879326484445076,-1.2491253502235562,1.0926167273334089,0.37025942300757386,0.20184106807114377,-1.975605543438798
ZBED1,-0.3380962529267971,0.24508461512291324,-0.5959367438544759,-0.19230722234876854,0.13336469243328306,0.7838932304620755
ZBTB16,-0.9604751399006276,-1.0299912805937872,1.0553841553214585,0.8525373847665838,0.7040283620161744,0.025694561678632797
ZBTB17,1.0691357934917023,0.7092255681073113,1.008673099089868,1.1048164256865152,-0.07023927809136322,0.9540042553107931
ZBTB33,-1.003840734089599,-0.3323927568017467,0.9452505149533821,-0.6530453110530451,-0.15951762991529647,0.06721845929208943
ZBTB4,0.36822024441494494,0.9849308846079857,-1.434291927189689,-0.6667671586929887,-0.5148678545583105,1.753385004592911
ZBTB7A,0.13246767166262138,0.1174090216290547,1.4340858517800699,0.7402956444701574,0.1268255639110759,0.020476527528549317
ZBTB7B,1.4476900990651558,-2.3308004010783145,-1.0540251404238534,-3.589800740228143,-2.5337753039378033,-1.7664128890348176
ZEB1,-0.2931893388381091,0.6046446092407074,-0.8349667245971882,2.0461418383146843,0.2576323430646873,1.2683339991589389
ZEB2,0.8940462715608637,1.3930574567093497,-1.1895314405099604,-0.8393457707937364,0.3876586142067417,-0.46023734111058745
ZFP42,-0.6168926737678311,0.7391688724160258,-0.24203355844293942,-0.06425393931973236,1.0322647659181616,-0.5217502871856899
ZFPM1,-0.3926795844917467,-0.5874845886386313,1.8269663847483222,-1.119074000989245,-0.7056991134555775,-0.25956132544647115
ZFX,-3.0405904062528717,-3.1819578261336745,-3.9154198124234827,-3.5430731414964143,-3.555632630907777,-5.766858392426912
ZGLP1,-0.7076860297233195,-0.3010329377268522,0.1435738250121469,0.9362223405569592,-0.33100157412157977,0.3761034222149341
ZHX2,-1.3008253315943055,-0.28263715864344907,-0.6354586654390327,-0.5109929819287007,-1.2709008120636227,0.0028644705219845646
ZIC1,-1.568509277713133,0.32492917314568576,1.1260973236738632,-1.3719790688117568,-0.43862720422297635,0.2924645076589281
ZKSCAN7,0.058107744255489154,1.099081509884287,1.2257522193885926,-0.16351898266217266,0.24958316968432046,0.8183780129252681
ZNF143,-0.7616509123006823,-0.12294376419333931,0.20825281565182224,-0.2905998694559793,0.39397680948623787,0.02613528076437706
ZNF148,-0.35411539862294855,-2.0191925505119013,-1.0769950981581602,-1.4121441454131918,-1.5541011806544909,-1.110136012082965
ZNF236,-0.1560662262127175,-2.6840295101943124,-0.6662366010733632,-2.8664200032349703,1.1632757954576016,-0.31442391985015117
ZNF263,-0.5359919212090022,-0.32371346836312703,-0.22446555968743226,0.5697905965034041,-0.23533755182228105,0.3074393489633889
ZNF331,-0.37177451179193755,-0.925978142667136,-1.035285752287188,-1.39915393410498,-0.8988716188983071,-0.5448545909902024
ZNF350,0.8123824316987647,1.3296865731682304,-0.4979508381704819,-0.8465712385309548,0.9381678973722304,-0.07772815431994266
ZNF354C,0.4587919884827683,0.7319618502727065,0.5781804129346099,2.295819850580376,-0.21005965781077043,0.1163773558406598
ZNF362,-3.1476417383055604,-2.6120378066629226,1.3280684483626692,-3.3769296206800434,-0.015586336010848098,-4.317818328682761
ZNF382,-1.5236057888961034,0.34788390051483725,2.006412145151028,0.8748809716840785,1.0351653001701453,0.4898850682672732
ZNF384,0.25122483241891036,-0.7550326648397202,0.5654592686829406,-1.89241734092877,-0.10310338693185529,1.5778830562664798
ZNF436,-0.15021450650326207,-0.11863438707341044,-0.3088504088271075,-1.2091858770453798,-0.4414103688030763,-0.15469919787216543
ZNF699,-1.6613234780562476,-2.593954938182206,-0.46992980033857057,0.5587214144153442,0.8993904519385196,0.49951347336320506
ZNF76,-1.7450179832796697,-0.7127539174500335,-0.05344686659070496,-0.7837648403125963,-0.8768116636891533,0.04447628091971249
ZNF91,-1.8498255899583915,-1.8152023569943772,-1.3755018131243437,-3.3091362372133126,-2.1903574947421682,-1.751809024557194
