,log2FC_A549,log2FC_BXPC3,log2FC_HAP1,log2FC_HT29,log2FC_K562,log2FC_MCF7
AHR,-1.072722670365692,-0.5209683982517856,2.004383131177736,0.5591848172410239,0.4787753005235501,0.23490411540569447
AP1,-0.542312957376359,-0.7815119310715118,1.935993438151226,-0.1789988335758323,-0.4839716583674421,1.6466580009366376
APEX1,-1.2206758643707485,0.4476370489175955,-1.447600501232547,-1.266193619486274,-2.108773404655349,-0.04083939237948705
AR,1.5972317725291532,-3.0097218664126077,0.4149688422525924,0.2835357250434683,1.2498262175059742,1.6082802370575597
ARNT,-1.2421024763582131,-0.31626752874574077,1.194455076898943,-1.8924514554623257,0.2613391568955302,1.497273419708054
ASCL1,1.2812979988437303,0.10798672201327321,0.7152819235599721,-0.7276490516786347,2.4851921763107465,-0.2735410050977835
ATF1,0.4750966296751779,-1.8553173514567614,-0.010610402525724578,0.4905368365228742,0.5793987594059903,1.2375752063152385
ATF2,2.1633987899752447,0.6208359841062361,0.34876886538617874,1.3190976495299307,0.5208330674157552,0.5701732871025504
ATF3,0.8784324362046878,-0.8774519703673104,-1.2772592096177162,-0.4810286224301254,1.2576414825765632,0.14463897660128414
ATF4,-0.5328859888904925,0.4962342518566902,0.5375080592083992,-0.07274565310505374,-0.8100679707680184,0.6498577723366917
ATF5,-0.38521166375426463,-0.770490385681536,1.0164003129194763,0.4991268293080028,1.3945531286102244,2.689905349347577
ATF6,0.7533893029030169,-0.009393170492327872,0.3424086728245155,0.719394208758421,1.7900809592956044,0.23023417651462974
BCL3,-0.3272319962707141,-0.28206812682887983,0.6581771249913534,2.861214751399353,1.6420769882407396,0.9032344414255777
BCL6,0.544583543433112,-0.3159722063873609,-0.22794513368937616,0.9387259093777396,-0.16535813187467777,-0.4387915624726473
BHLHE40,2.564635134479878,0.8314229867072058,-0.7845170790238772,0.09807251148020951,-1.1068380740565626,0.7968070452940029
BHLHE41,0.1252488209731837,-1.1066547258941926,-0.7997764860525978,-1.2531777088380487,0.3766998807214843,1.3375613645101199
BMAL1,1.2894394709051662,-0.27120434010639455,-0.39410660675219794,-0.9386184182123581,0.6362598125926613,0.5300743281689854
BRCA1,0.6369238646762736,-0.49601950118836813,0.4056337914514719,0.6474732459863224,-1.685450224883768,1.2358229891740193
CDX2,-0.293583706276685,0.5820660065989539,-0.022188505652876885,-0.2973807449233341,0.055996845648142266,1.3618569778063496
CEBPA,-0.4170568805853868,-1.2751310122502884,0.9023717152225346,0.2092490982055438,-0.3469427008325571,-1.0215752119452504
CEBPB,0.950370632382446,-0.8460868088033667,0.23398092215603067,-0.8313537737667475,0.5920005600181515,0.6670831823417077
CEBPD,2.2223372416655787,-2.083255678386746,0.23600524403882234,0.4798569908537075,-0.6866064333828092,1.0520805268925844
CEBPG,-0.9711166081763343,-1.7487759075169693,-0.40820107622524054,-0.2957488054846508,-0.987259250973371,-1.0328968524958406
CIITA,-0.44089927076613583,0.4463662609644909,0.14222496609065963,-0.2962648402730185,0.4517301686718651,0.09940733705241377
CLOCK,1.1174559309310763,0.1609380930061398,0.42748549259841434,-1.0881015805749137,0.600797404214236,0.586669357108961
CREB1,0.14551148369144504,-1.2002379775337233,0.528240102304738,-0.7349041249867055,0.8592125909570199,1.2474817594512662
CREBBP,1.4723099082972728,-0.8495265084369558,0.3046905846491595,0.048130879127049504,0.007871413061696747,0.09254781758831876
CREBZF,0.436153422959166,-0.9180959132644625,-0.920017116434948,-0.10067308659591515,-1.1515355542091572,-0.6211255787596923
CREM,0.4830066316823961,1.4679498172224918,1.6109295566023403,-0.7967394565271386,0.8313115202893654,0.18310926139956257
CTCF,-0.7919547009562873,-1.3195162667197158,-0.6712455234159381,-0.7163306486414974,0.3044487579923913,-0.14272850762637085
CTCFL,-0.5448216403559817,-0.4764768660778341,-0.12439664219310687,0.38477490024607347,1.0336366843556413,1.3554811389079453
CTNNB1,-0.5689610595377674,-0.18791861751162012,-0.2529418274407894,-0.1630903593011672,0.7155370642316584,-1.3622240888967856
CUX1,1.5918431341990924,-0.11636348835669545,0.5633641297353924,-0.01499713490235728,0.12990732767606003,0.6385353614845253
DBP,-1.4264397029563491,-0.6004015898886585,0.7052470891474331,-1.478385158933507,-0.892088002290553,0.08159298830014615
DDIT3,0.7445268909087239,-0.30716762156381694,0.8960917923455956,1.5360878885738645,0.8723151032992961,2.508520481102556
DLX4,0.2724992663800921,-0.09501385961599919,1.6256214724162033,-0.39176433515716697,1.3720296256736928,0.15099004066758867
DNMT1,1.1195177847251319,-1.0104108044987132,-1.8111679916076118,-0.7806859008194761,-0.9644814755969365,1.0693113068257685
DNMT3A,-0.19562810374167408,-1.0754074147680568,-1.408760691535198,-0.8988901941644918,0.2454478284442239,-1.197046009122671
DNMT3B,1.2070358777675565,2.2904113752524236,-0.14117338311825908,-0.5947197825744063,-0.28918527180689735,-2.013153032447342
E2F1,0.4925096281724322,2.1187142664060055,-0.1296292756390421,0.09226409338662675,0.038466909513891825,-0.5553333022406404
E2F2,1.2000288569245545,1.096966229323471,0.1377838377488171,-1.1903782688103595,-0.7366225987295903,-0.48027990124238434
E2F3,1.4180186188197041,1.8873393462414836,0.14348745379604955,-0.1529116597822002,-0.8240579345764377,-0.734541082398404
E2F4,1.7269630864584546,-0.7394690359600755,0.46655792879616165,1.3275608287106586,-0.26521023635424906,1.131562917848874
E2F6,-1.2192400187084174,-0.15934885301012044,-0.2817822725675744,0.38187847044197387,0.7061399808836899,-0.1024468656335777
EGR1,-0.302724005470644,0.23673794979788226,-0.7311063211214278,0.6435317165308624,-0.6869465043858554,-0.15295802866466449
EGR2,1.3614261875679001,-0.4427819043518589,-1.2741723889422398,0.5999620870721704,-1.1778761682126517,-1.3968354275704227
ELF1,-0.13612663881520704,0.6791672250841163,0.740465171074537,0.19222891582571375,-0.84817450418116,-1.2521549884225853
ELF4,1.4367737659349904,-0.839678448274668,1.8204858530338575,-0.8917420435382847,-0.18895013893049842,0.6230315064171873
ELK1,0.4113934017628258,0.7364762955529874,1.2436838132185077,-0.5510911197443296,2.0050102727546397,-1.8225435846972577
EP300,-0.5997852679642648,-0.308397083112879,0.6657589128509499,0.4383269014793565,0.08340279695195907,-0.30330505830153065
EPAS1,-0.10374294627883551,-0.7693961139965844,-1.587476490321119,-0.3384239652297446,-0.3136531521632866,0.2941290063885138
ERF,-0.5554773603024731,1.6435485580968157,0.9443640430376021,0.9035602889648949,0.0289398146117119,-0.7723808345379125
ESR1,1.0252482065624022,-0.9500106106341326,-1.2956985380304877,-2.4632334572159067,-0.3051285019945057,0.3233611244839794
ESR2,-0.34169490508653266,0.24657665141775206,-0.5663087694217844,-0.9045155080211165,-0.9664297842625419,-0.17485581019301802
ESRRA,2.138497768822417,-0.48654749181946894,0.5323387459169624,-0.40610250222314487,0.1581342197874922,1.1824191190177993
ESRRG,-0.6776522143556735,0.12480203832153225,0.4856454260987922,0.024067353949132782,0.2028101800429202,0.07138838330751382
ETS1,0.6207585792398281,-0.2694164262992774,1.5083038023403932,0.22759185381482822,0.14620972728467577,-0.45581269849661277
ETS2,-0.44765925988117944,-0.25663595490321633,-0.9169443676345458,-0.45326831520992966,1.1027197487124285,0.35897894236154254
ETV4,1.4500243683326022,-0.5034317414366601,-2.030423896355113,1.1512274041919686,-0.550981749227778,-0.2838751911524726
EWSR1,0.8589537312900293,1.1883592337726296,1.4212768855297424,0.38875520887621,0.6293602865582293,0.3035658225810881
EZH2,-1.6135060672610457,-0.7528901613128323,-1.052049095146691,0.5051911687340056,-0.07374672094026975,-0.04729272483960485
FLI1,2.0371481770816424,0.5993551350410758,-0.032370641919215765,0.15043717017592861,1.0718051734449643,-0.18025676691209738
FOS,1.1046667021661443,-1.7087600759880932,0.0658142447424263,1.3414572575970756,0.4919998491604977,0.6557935276242494
FOSL1,-0.12007795593571119,2.452814946035642,-0.22014742137700408,-0.6524851840832789,0.7011493251239741,-0.10170276937009143
FOXA1,0.026004837175069104,-0.6448516838496755,0.56981290625402,-0.4148911570158547,0.7884561272031183,0.7188195775493486
FOXA2,0.617494298492528,-0.5528445938466627,-2.027484424531126,1.1912366125198477,0.11282325494137285,0.865430496468231
FOXL2,0.23450372836704303,0.6563478734068495,-1.7295124612832764,-0.7960492240552436,0.3691074462780514,0.09040841633556726
FOXM1,1.8688373681029706,-1.0134693161221242,-0.9273765363484339,0.8266607128887962,0.22518227244848918,-0.705666448139452
FOXN1,-0.9556729255318493,-0.5976212776394487,-0.7920928314889812,0.6491575733596769,-1.6240305423604702,-0.2819118180539011
FOXO1,0.04982565519893324,-0.4361714038413502,-0.0854177040671483,0.20418863861821837,-1.3840679711716277,0.6024836399775642
FOXO3,0.22401121476678906,0.6433738636041445,-0.6714956373573464,-1.120586216994062,-0.5273323007839162,-0.26472587864529684
FOXO4,0.31914791454280955,-0.9716011293519693,-1.1340326665469729,0.7397539068928465,-0.019892267143656123,0.9159773515087184
GABPA,0.43511345294679377,1.4530680796975979,1.8537421817376178,-0.21229646128812152,0.9563844605122773,0.36165993141377645
GATA1,0.4890861555743944,-0.23616505528623227,-1.4184714285085889,0.43624530502047515,-1.5584881952101137,-0.09633381922894346
GATA2,1.2390990000323312,-0.36445581309696956,0.5773434051234616,0.9886396126604433,0.744447027674099,0.3932055837013499
GATA3,0.09807368697699917,1.6088512256893552,-0.13620014554650714,-1.076418253813286,-0.1500732484705894,-0.3570561440414708
GATA4,0.5538123540280919,-0.07319332519235983,0.06270871938911038,0.29988473706738134,0.992872433390271,2.639935635736463
GATA6,0.4458123624518817,-1.4216099772850217,-0.24421892637423578,-0.2829644665994437,0.6125742267461975,0.45970322484352033
GFI1,1.8452190173322742,-0.7749351186429043,1.8692665817436815,-0.3442369037160886,-0.15875045358749543,-0.9104814305776113
GLI1,-0.08681494184540062,-1.7575828088206595,0.29020212365839343,-0.27437889318849945,-0.8343193213346837,0.05459152227191745
GLI2,-0.13257361576286783,1.620678201102567,-0.2804687480253375,-0.13479680786260195,0.7416154513530204,1.0862287677303455
GLI3,-0.9487665804383003,-1.5191489459091405,-1.0343591013476643,1.583001380757068,0.2858012355870878,-0.12258097389282648
GRHL3,-1.041799354102692,0.44616955393451524,0.4204342527824198,0.27392171854590486,-0.12030029849538908,0.18126924732973096
GTF2I,-1.4561218568063738,0.46473649181276194,-0.9580043840825995,0.5386939105846381,0.18176017882010503,-0.7549927443155595
GTF3A,-0.010354122113371094,-0.042757868614216245,-1.0171064861077834,0.5847374051545704,0.0693355307164471,0.6146511452922466
HBP1,-0.2791777810797305,0.822807994979702,2.4759183733211136,0.8890604350048986,-1.1781040750723488,-0.06383309477505465
HDAC1,-0.8052373196395219,0.454077375679302,-0.8988576489825508,0.9145780084658633,1.096931966599682,-1.6619533247053284
HDAC9,-0.12672600440146944,-0.9286455058741341,0.08835144751231724,1.529744529477342,1.8649760639286261,0.796659460586931
HES1,0.6399394039776747,-0.5811496703178566,-1.243216912046357,0.3789858368309135,1.0983694525466199,-0.6102869061077104
HESX1,1.6070994591130159,-0.2581167067188519,1.0567257537034105,-0.11703691222201718,1.1421685466828975,0.7210338967789034
HHEX,1.4326142215739812,1.185906382981253,-0.12418855056065793,0.7601522104454952,-0.5429418722595106,-1.3341060192601895
HIC1,-0.4481369075789087,-0.10936958382523523,-0.16828243066308246,-0.2830983689178354,-0.42949487674622167,0.43800275450237725
HIF1A,1.427751850456168,-1.3005101211734698,0.24872396838287517,-0.26140911399956956,-0.06371139875747271,-0.79224458837036
HINFP,0.7826905960578808,0.5132676200078813,0.6597924895766599,1.1819834765370232,1.2826297034773955,-0.9020348464559411
HMGA1,1.840235818497743,-0.480726419259853,-0.5461765177064193,0.23833490961689827,0.6419013848568665,0.1674905518206306
HMGA2,0.27700399573125073,-0.7491525348406253,0.42235827403738024,-0.38746040726445863,3.5886822247025014,-2.5547186552079673
HNF1A,0.7045786634101382,-1.0851990862140841,0.5639790841515266,0.1555636839437104,0.5093501043923915,-0.881583917055531
HNF4A,1.3424525222485992,-1.0519278645278378,-0.4336079116191354,0.6819631967378494,0.8538649363084169,0.254815254841761
HOXA10,0.31849579898217123,0.2798240485617887,-0.48381767894679784,-0.44382238989741246,0.4429838415705227,-0.08846791822372486
HOXA9,0.6043573880590235,0.45301156196339676,-0.12202348200019457,0.7706808643509502,0.19136841236705002,1.3870407002198153
HR,-0.5443095738577128,-0.2955122711659689,0.6134935139541491,0.7181455309471204,0.0756967970634732,-1.1535743768710727
HSF1,-0.26320871845977234,-0.8183147722960529,0.744289194780781,-0.07696049441361977,0.2549365964080143,0.6473541771316313
HSF2,1.1140683627080512,-0.5818561199102773,0.29374143176835726,0.28180982555974987,0.20031750408712512,1.246972215137391
ID1,0.8558730476908529,0.3302634263065818,-1.2243752408841604,-0.7125653257106491,0.6906493594292714,0.07218008036822023
ID2,-1.821899622238288,0.47368791956376993,-0.5412195461694023,-0.3647363746680807,0.6642262451697308,0.09568871523073394
IRF1,0.10276162618000267,-1.4911265700152838,0.3893103432060326,0.9148119332703212,-0.5672954272709734,1.658416320620257
IRF2,-0.1568260891232352,-0.5596296042133149,1.2760443027954553,0.22540422340137153,0.38356912942993515,-0.06214732619480614
IRF3,0.6008491689215079,-1.1037066419376482,-0.6931492316456848,-0.14411732536460858,-0.023689139328136235,-1.0744500268772792
IRF4,-1.6716628783350134,0.6657287456822011,0.017538423280983886,0.6560415829699202,-0.03038985081138797,1.6188874113891578
IRF8,0.10227185017137348,0.49237363849570265,1.0517792202566072,0.13948262092354546,-0.5497101512101584,-0.2567989084899836
JUN,0.8621687792191041,-1.5365817830255644,0.5010849467541251,-0.49420151721801897,0.3864771492984069,-0.8132007409663395
JUNB,0.042829512830919396,-0.9759310593991192,-0.9902335244317364,-0.8475771077260646,0.3556409106976437,-1.0376625928077887
JUND,-0.641488636561676,0.3626257021261789,0.4692539609647507,0.5923727907011647,-1.0733808106018141,1.945914429494258
KAT2B,-0.5661953953929098,0.8256868902222226,0.9655901694971702,-0.26574507113022683,-0.2385654332275443,0.6571983707245822
KAT5,-0.2480087446672644,-1.2197738624759897,-0.13063558102547226,0.2488045441713322,0.5008963105537052,-1.3230813475271004
KAT7,-1.1717725729228645,0.45115682847258404,-0.9743773303898171,-1.0644964865393582,-0.23375040985030224,0.8943487254862145
KDM5B,0.0438003624924877,-0.9504935998555187,0.9186528750624999,0.7847490216610646,0.273811516274644,-0.6113498659171182
KDM5C,-0.05657937686552348,-0.6558248669824248,1.6216096961746058,-0.42419224197214617,-0.2913249738287525,-0.6214383841111237
KLF2,0.1968587103412152,-1.059225125703363,0.7414599742476217,-0.4190181418077664,0.13066164811571884,0.5529549658067514
KLF4,1.5760999979897774,-2.266433387333021,0.1782856357526668,0.9407667968439721,1.0497109210783175,-0.25238672094566794
KLF5,1.23632949310191,-0.18587254950052717,-0.5909717164464173,-0.5431942510478329,0.776804493688161,-0.002909540460273731
KLF6,-0.5313984466152003,-0.8220485034935657,0.8311639066436725,1.0333236731709015,-2.2169972513703087,1.286616534233695
KMT2A,0.8031087329920188,-0.9911991727702258,0.3002721918319983,-1.6029741736178444,-0.9359039732193255,2.285728188456588
LEF1,-0.9825533654420028,0.13549622140140158,0.8540700570904308,-0.02267005556993096,-0.03132616170142756,0.09405141059687616
LITAF,2.637905760495691,-0.7588418034813015,-0.5832703216545141,0.47964411702194365,0.21939799254108697,1.598903241268934
MAF,-1.4855156653448518,-0.0590834174769259,-1.0160907210425338,-0.3833435518712437,-0.7166063184395225,-0.5266816357965475
MAFB,-0.052997726629049044,-0.466777670995446,-1.435397823610239,0.048771403313675465,0.11753982079059558,-1.3221407022201743
MAX,0.11744052406658978,-1.3344815171354412,0.10165355771650236,-0.3308969361741533,0.8539588883365044,1.6383048629328911
MAZ,1.603397577448928,0.11051693578466641,0.9233836381534332,-0.148014231114512,1.3900779754817227,0.6236062476216933
MBD2,-0.20560492477582767,-0.42916715283535645,0.25917960051389305,-0.10299538992796191,0.8279925974939665,-0.6643256497421783
MEF2A,2.431336297344612,-0.6161768057935983,0.08963855436496171,-0.017621250180408044,-0.6965587638690812,-0.07506093634998587
MEF2C,0.920784924641667,1.3975519015043072,-0.23860811100869564,-0.3427443211466285,0.8614173261297211,-0.5225597365977959
MEF2D,1.0480532038870605,2.026295246380653,0.0826397167142163,-0.12649479450879816,0.05340315532969855,-0.9081568038096774
MITF,0.05163309822936209,-0.20608261335256972,-0.5788136075076746,-1.6786895340511128,1.5768664987377836,-0.43122195512515527
MLXIPL,0.6547607114239596,-0.8504079620315154,-0.25440240702223194,1.0967684551409955,0.025439442606291315,-0.6538249040951486
MTA1,2.9843130336156953,-0.35036687316309495,-0.45968852880234506,-0.08241940969930404,1.6257315193770696,1.5610630067018718
MTA3,0.5391162312645174,2.092094792437497,0.017419083969316837,-0.9399445410681581,0.015614943008911307,0.15976009771417446
MTF1,0.6489551958786096,-0.12368165707217096,0.830942022037008,-0.8222267014981596,-1.5764901792664636,0.07927639176050642
MXD1,-0.5238391487185301,-0.8230469861831792,-1.1829163842504966,-0.3475855588883331,0.941034091504074,0.232986556915555
MXI1,-0.48521298720807315,-1.2087911194612968,-2.438576544383231,0.3884668350029999,1.192568743625217,1.7156295495672373
MYB,0.02204796399030497,-0.8011043633299731,0.7971501098985239,-0.48587268008967616,0.29017464478650296,-0.20684344574737956
MYBL2,0.28651271776748277,-1.0150663153159265,-0.8096223571502938,0.3981151756607558,1.121968616643913,0.3721837368742872
MYC,1.7365971921764614,-1.3729504868527993,0.2548148428590978,-0.29605313803415356,-0.5253494723130794,1.4189944129054954
MYCN,2.324895075417186,-1.3267529577563935,1.5025946471856086,0.17359446785046412,-1.0463096628705082,0.35121494216781085
MYOD1,1.2163237352119916,-1.5008741092029732,0.8162920448195884,-1.1808534303751108,0.6792538262968429,0.739545123981167
MYOG,1.6023290897268778,-1.4160725234575176,0.00846804435012657,-1.697760448136595,1.5314734820167974,0.7730742694910606
NANOG,-1.2968089249904928,-0.8625088049736916,-1.3290012804345759,-0.2667736378656756,-0.7215595506146614,-0.5159793275966295
NCOA1,-0.27471121420186556,0.16002866548279365,-1.1535481696941803,-0.08012066769488391,0.004698790884662031,0.16766961555086848
NCOA2,-1.4719588765608858,0.3960811077304005,0.07311038515582324,-0.33770262892301156,1.0068512184610383,1.4178970583545187
NCOA3,0.7538712004990727,0.5423123160901178,0.05305103709465303,0.03678238676403791,0.5090103087186663,0.07351239805154199
NCOR1,-1.4799384608880912,0.8527305755412802,-0.472725566397123,-0.8728824983560496,0.1592995452063218,-1.394267297903233
NCOR2,-0.012938251072308135,1.3821861764649184,0.9063052040266367,-0.3467069107507393,-0.0743795864748067,-1.4054567300108172
NEUROD1,-0.21292491772156114,0.3451083174202339,-0.5762122858456413,-1.218653138731353,-0.7180379427347113,-0.6301870280088546
NFAT5,-0.3130075693917121,-1.039340457344182,0.2650707157798819,0.9629773683536544,-2.0223046630438244,-0.10390921052943183
NFATC1,-0.611197973614617,-0.5260292932913876,-0.7608194261520782,-0.9663677110423945,-0.5050016217200434,-0.2335089270634062
NFATC2,0.6242952634270049,0.4422557458173874,0.7580339389599651,-1.081763021837606,-0.28086220378475685,1.1546764236699978
NFATC4,-0.33182010344512725,0.8514788134173181,-1.837671768814496,-0.3949726994012724,-0.25246342383529063,0.2452450246817599
NFE2L2,-0.888182199644301,-0.7913918044768463,-0.17475124959505345,-1.1322558927493451,-1.0362378263372862,2.2525896755264196
NFIC,-0.2208608673753172,-0.27099835666075656,-0.453915354855619,-0.18305707461187945,0.5558812811796301,-0.007437959462599003
NFKB,1.6421464838998197,-1.700325216166741,-0.15408482617108707,-0.4788288566620695,0.04949842430194219,0.74196537243329
NFKB1,0.5747043581041134,0.4626780524659212,1.1062021717037258,-0.5957494339343652,-1.2197263870996797,1.1152048456858588
NFKB2,0.5857321743710312,-0.17309369379092981,0.650835268470761,-1.6745950315551352,0.8312712674830658,-0.12197429674411271
NFYA,0.9489662084921635,-1.7976806888498909,-0.012030282049887136,0.1573422498362219,0.10844377012280222,-0.43018804390332277
NKX2-1,1.1738640485672212,1.1828413132971678,0.5902125988873839,-1.1548037249619216,1.168692390514305,-1.7244851316495335
NKX2-5,-0.051474926588854795,0.19822190178175275,0.22085874191443317,-0.3926549781581727,1.8629913653055894,0.576310750826746
NKX3-1,0.22188446079128274,-0.3551885607333043,1.877097944839913,1.147316762017185,-0.15801555797580746,1.2173958647989018
NOTCH1,-3.3133028182074127,0.7870211385399002,-0.9926093310958034,1.060695938251784,-2.754525151743176,-0.7805510074998525
NR0B1,1.6437569274125672,-0.3876436679748323,0.4892182921872082,1.0199267974716415,2.0246008743685753,1.884287839582099
NR0B2,-2.2958714373776603,-0.6760712379171641,0.24573514686529083,-0.25546951168607984,-1.0113440106777913,0.41493176194791465
NR1H2,0.449832231135573,-1.6720475050570671,2.17733055896,1.1751856611847498,-1.5099265125815464,-0.9411108350121562
NR1H3,0.7639976396900545,-1.1556833623298455,-0.4177263955741017,1.45731466873576,-1.1426971261336603,-1.1239895616678617
NR1H4,1.7430997591553052,-0.4151266310979558,0.8068477597612331,-0.2982086037583684,-1.1388703664365865,0.8048916455047638
NR1I2,1.2722494325712923,-1.7425746677620826,0.8286909727786861,0.7958918306341849,-1.2030440920739967,-1.71770351131231
NR1I3,-0.5633284580406092,-0.7454702909431313,2.4667199483143425,-0.4215108639553718,0.7953151209234282,1.7971561649264507
NR2C2,-0.14948717859422092,-0.7948555925245004,-0.07798422978472024,-1.5115982610068983,0.22920228619246386,-0.5059889581027683
NR2E1,-0.7231345980158804,-0.20987109075859273,0.3347305548167759,-1.0280920836664784,0.13112867917282006,-1.311587766576839
NR2F1,0.05173107818741011,1.176072088265005,-1.1476916442356548,-0.25645202999682015,0.6795767043668778,0.8994582025755715
NR3C1,0.2805070656176913,0.9387482723178082,-0.3094122112462701,-0.5372643674918529,0.6154714703619693,0.7477049280100467
NR3C2,1.159274774835141,0.6372629949710088,-0.35581862238407286,-0.26664928133718657,1.7497763673928677,1.515513608355735
NR4A1,0.5120757015035738,0.07999715429550767,-1.0642417127130257,-0.30822159412356687,-0.5170855492418243,-2.6341295511422342
NR5A1,0.5448281580100203,0.7418912445074908,1.1147654909410265,1.0642489858175406,0.6969292644808405,0.6874160595563781
NR5A2,-0.5790234053102247,-0.7618813350197241,-1.0081105515540385,-0.23510712123253447,-1.3865886192460148,-0.2989255091581116
NRF1,1.2622827396135785,-1.6255440766363547,-0.5220395313870757,-1.657580627368199,0.03840732006429805,-0.32196710862183475
NRG1,1.6454791375427489,-1.1161541279181417,0.12565310831794504,-0.5911889667852602,0.7598095613067192,1.1483678099699002
PAX3,0.8539303806601372,-0.9940026147056553,0.24203825528387296,-0.20930828038725657,-0.1618865570646747,1.3330548836342602
PAX5,0.7082183734787045,-0.5714144215889616,-1.498459318066517,1.7111316871470454,-0.12531536037949986,-0.7599408499003725
PAX6,-0.22822795058867973,-0.3936691230013839,-0.8381855575365813,0.1572972001784096,0.44862143305133556,-0.45924355689996316
PBX1,2.4362389471341084,0.3200991213776093,1.4581592215343113,-0.1406629230683168,1.130276823711189,0.4392179016592979
PDX1,0.3343770111252823,0.6546465880009963,0.4973433645136644,-0.41472608847910697,-0.0050236755653469385,-0.5332485555467532
PGR,-0.7930599887650268,-0.6001978651394151,-0.19690585635254268,0.7997211560296368,0.8233726900783529,-0.015271969544450386
PITX2,0.4333177263812801,0.33734485205491316,-0.5900518397681456,0.18898235394733287,0.5695575286203075,0.03898547008281798
POU1F1,0.1551661420895748,-0.04324801486040682,-0.579063712641962,0.1503311250838934,0.8979132754687515,1.3444756065879846
POU2F1,0.7694706116319042,-0.18170922987765428,-1.5772699716651375,0.5233595256939528,-0.012223753174993697,0.5369438152663026
POU3F2,1.7853336304025478,-0.41556771615704674,1.0485570774049133,-0.06548264554545462,-0.10139166138850389,0.4101230825492434
POU4F2,0.5936167990978405,-0.4686171296572379,0.27790182445611633,0.024718381748515664,-0.14671247484530006,0.4568192440672524
POU5F1,0.8768806208773996,-0.2986567821630544,-0.24975466728453996,-0.5786137439066162,-0.7492735540739426,0.5604414161428646
PPARA,0.5584538890280111,-2.178117876418806,0.5889558816121757,0.4279146962284349,-2.0490910073587374,0.8327560107174432
PPARD,2.1665518396081422,0.6316703354127491,-0.2944222039801561,-0.2473535912827109,-1.1143058837079958,-0.22105416884151602
PPARG,1.6107506292795852,-0.8752179618318835,-0.5214471301369825,1.183357243054724,-1.060719660238451,-0.7775391566095955
PPARGC1A,1.6278928114683515,-0.8524071814325291,0.023782622137561323,-0.47495957231961383,0.768216487022886,-0.9333199956339456
PRDM1,-1.0700159021025077,0.4777278490764146,-0.1813797106611444,0.8613914821417367,-0.00962674295388248,-0.31708156685814237
RARA,1.0958450344786153,-0.8909114640561236,0.18120896851723647,-0.44445166569174926,0.3857074576452332,-0.8899442249446846
RARB,1.0521166446105839,0.46994956297051144,-0.21681958188286146,-0.5376236825307824,1.8278912160281842,1.4320671722411897
RB1,-1.6543986518239453,0.6676590366108447,-1.0708157972034769,-0.9053748892987693,0.03418997052469594,0.8233375151832604
RBPJ,-1.728178733816113,0.7363840539064924,-0.7145980651118032,0.9173554891113624,-2.291652972575593,-0.6467019022290812
RCOR2,0.8348537390734724,0.0716724346628479,1.4015234202864488,-0.0410249199013001,0.5554828772771793,0.49136867108035065
REL,0.4106649436893147,-0.3203606894763631,-0.2608567475249811,-1.1997050303087484,-2.714188111502833,0.8391301773551898
RELA,1.9777344362519742,-0.7313833268045784,0.9672187460835476,0.40107182675338476,-0.007142892762181031,-0.26460221052291544
RELB,0.13022656442598698,-0.09090392832518998,2.8506522186023187,0.616822262050905,-0.5605904071473002,0.3528302404659186
REST,-0.9298374770357504,1.767366314992219,0.7669992305116156,0.27880910699559974,-0.27229653686428024,-0.9651745072827047
RORA,-0.47660155608401666,-1.7090912830266434,-0.263261935511202,-0.8788103367342198,0.7165132389320473,0.7145925061976413
RUNX1,-1.885939479931558,0.60263677578329,0.027990652055640226,-0.770622779985663,0.3612847182221884,0.677498545988224
RUNX2,0.2872121582230192,0.38001713501342593,-1.3906529043743547,1.5153414303690884,0.5984901734888476,-0.015528397294898712
RUNX3,-0.61603609195614,-1.9381792546091952,0.7898174829378664,0.5749729783561961,-0.62971717294053,0.8455520405507136
RXRA,-0.8262605370106918,0.5446879112160246,-0.09682169053437183,1.7674984153523667,-0.39821660956673893,-0.3882121897876502
SATB1,-0.08439590864003199,-0.22825992794532315,-0.6249397996883195,0.5650578949001738,-1.2742298267420005,-0.5235802662953017
SATB2,0.3179218153973958,-0.216290966435648,1.2972793709897434,0.36291708640112535,1.0116196784508142,0.06922012790325772
SFPQ,2.0953873243969348,0.5921652954998327,0.696477481318937,-0.19295896310013483,1.865630031173901,2.643859251421112
SIRT1,-0.7097311851129636,-0.4496900415423862,0.8321883837623646,1.6913674274612367,0.7357883846399269,0.06028653574513525
SMAD1,1.243952524049975,0.5850633382418036,-0.4833390944427767,0.4651592274106994,0.33361279723494774,-0.11312128425850879
SMAD2,-0.4893497542901215,-0.636304329142915,0.3196376752209422,0.6253744600982851,0.9753692330413221,-1.0819965798327786
SMAD3,0.4445692388324376,-1.4287528208796396,-0.6627614333811529,1.2811604042030837,-1.3390243457688484,-0.5391676009168186
SMAD4,-1.1343407958466656,-1.1469668841057739,-1.3058377943277353,0.5201405340421864,-2.494187374502471,0.26404784474781284
SMAD7,1.1126148845562087,-0.5486724929217873,-0.44649855644595615,0.27839359228231675,-0.17510548397374867,-0.7868059677444893
SMARCA1,-0.7085328350929712,-0.6936482229433192,0.6033887626696114,0.07159118417166173,-0.7356750793649671,0.1892606730662775
SMARCC1,-2.0716048665951647,-0.8957618779463633,1.1356173509985177,0.00503343155321034,-0.03853945640521429,-0.7630122103295448
SNAI1,0.01907833714043526,0.6311028277378711,0.7932598140520041,-0.9323060163017525,1.6018808488892446,-0.3250781338110353
SNAI2,0.2122300732947359,-0.1961026320993385,0.2987667139208976,-0.12082280956586874,0.6648351308480572,-0.13407154537096325
SOX17,1.464556613871693,0.9756880541477913,0.19618180442324662,-0.597383014942598,-0.5503545339023248,-0.41270375820447125
SOX2,0.9832651298466775,0.15568048883980704,-0.7823169735980124,-0.6893071970449351,-1.1385594962304917,1.5885064038515373
SOX4,-0.7465136294179189,0.24441530808567216,-0.2561152231077261,-0.3768901622440623,1.7095345580638546,2.130204583303639
SOX9,-0.7804189808307106,0.10011361400204896,-0.13776609703986004,-0.3565904467254412,0.4810074074676833,-0.7936573533392666
SP1,1.3893140793875698,-2.8909174705755274,1.8206503517155046,0.0397285483950319,-1.1311810730490552,1.8408187420612019
SP2,1.4830760912869076,1.2420064353995939,-0.4933326601680362,1.6052008319556592,-1.7278131923140232,1.2739545698372317
SP3,0.49702922436391755,0.07430114904069028,1.3833190113838727,-0.42459803209792907,-0.17230067281546577,0.4577912159836679
SP4,-0.7882427141774487,0.48497777989272256,1.5428989880427504,-1.0944676570223597,-0.7301118350744383,1.4920942499245644
SPI1,0.296088104034647,-3.2124745300951343,-0.6719808621416004,-0.8142195159930498,0.9869368665646852,0.9889936797523124
SREBF1,-0.0948800047895905,-4.308053980403632,-0.8632615527659906,0.8620074778691864,-0.9600345125074291,0.8208697199921925
SREBF2,0.9338692395429099,-3.693392945128866,1.5092895725196585,0.24080487244649107,-1.493389760275961,1.1886575777050286
SRF,0.6730787310990749,0.010246425975918847,0.1740737582146343,-1.4736685057414736,0.4064638037107349,-0.48624341226286294
SRSF2,0.1764699537776102,0.06447763766099356,-0.6200306749986171,0.2929066532581956,0.3299163717007172,2.29102349550027
SRY,0.741389477782738,-0.7136470343278906,-0.41999004639171233,-0.5906162186031699,0.32613385463094724,0.46420206470089226
SSRP1,0.5009460503048383,-0.09709557417080907,-0.3474782782982104,-0.816438331549845,0.27957186246273186,-0.562052734271883
STAT1,0.7557898557382161,-1.0668020923070236,-0.980772760444875,0.12457955801485128,0.6538569514887164,0.9993231179149027
STAT2,0.5328356573813061,0.6706221605038576,-0.3837465273196242,-0.24018326472447904,-0.17670290855858886,0.9159685899633494
STAT3,1.503313571342148,-2.3210368719455197,-1.8337923593256251,-0.39184186481547295,2.2335830833861645,1.0124254889742867
STAT5A,1.2916361429234038,-2.1563867264777685,0.89949450977501,0.5132282309197701,0.014575097165302843,-1.4220514065850771
STAT5B,0.813748705487705,-2.091844867555994,0.1399681377014396,0.6174469430475376,0.5898906833144075,-1.641357411561317
STAT6,-0.5633067454076689,0.5491436271825081,-0.3011413099630092,-0.6763577598742497,1.094191271257213,-0.7113007202293903
TAF1,-0.9705843215958374,-0.8384064440693685,-1.5623499775928087,2.1018937068354973,0.6020040092043928,-0.8661744959584198
TAL1,-0.08391336306823476,0.4604321434446676,-0.3754985872420788,0.15074818040881216,1.7925505608154513,-1.4951751604848744
TBP,1.1195714852769076,1.0986334476809614,-0.5768029165896197,-0.3356588274611367,1.1755316753307987,-1.5585240499316382
TBPL1,-0.8802140239534744,-0.7931559134851771,-1.7813116904161108,-1.5594567184532717,1.4365596149942568,0.21214611202900524
TBX15,0.6816536289622597,0.05097571733538699,1.3613791603192051,0.6960930008524421,0.9376784776842512,0.043713135026123576
TBX21,-1.0541194045510338,0.27813277710103035,1.2297876732256252,0.31624523322788134,-0.21267025911075196,-0.7288417603006027
TCF12,-2.6160979562087485,1.384583083416359,-0.8104093727527268,0.14806450225528067,-1.5600292040188868,0.5979264992359067
TCF3,0.49165888443642036,-1.5156023134627028,1.2251436298024934,0.07117365793996445,-1.029062866828767,0.20079948648635465
TCF4,1.0669889015509546,-0.24208935644733687,-0.3152599337621351,0.06652757762816722,0.549777203010587,0.2584374705090525
TCF7L2,0.9719664588096816,-0.9156028307771259,-0.5743695859292499,0.41263098263898534,0.7422548835377275,0.14326375840362596
TFAM,1.6859060562886325,-1.0516189685974582,0.8552641740304179,1.068964548883792,0.23408029296257393,0.7467483828620084
TFAP2A,1.317177820938724,-1.165218955217477,0.6186442483707463,-0.33357140531546936,0.6486215662340046,0.04869533533827922
TFAP4,1.0274345986756939,0.5751798284697857,-0.2654287352034938,-1.2769247832327961,2.326769843495341,-0.33165445423219847
TFCP2,-0.5028300811486786,-0.42145606846410427,0.13582734845380595,0.6563381480920122,0.018691690745674422,0.2190809997888219
TFDP1,0.34575790358747416,0.40676618063165054,-0.04413117586358505,-0.09986453798954961,1.249622523120776,1.0763255265197127
TFE3,0.4498789073404585,1.4505001637191253,0.4582370407874119,-0.013692109188737981,-0.1555368202967463,1.9767672321068175
THRA,0.6842803028634904,-1.0347048314098286,-0.7622636228079704,-0.7923373204561702,0.04563537444719418,-1.4413950460361948
THRB,1.0766800533776788,-0.7680901069969404,-0.9313582022155747,-1.1062013183936958,0.07868881769720963,-1.0150756143117354
TP53,0.3906136281682219,-1.8230173465954014,-1.0482587888151826,-1.3192247593931477,-1.2069599200323635,1.6263674380068138
TP63,-0.3375499783690066,0.7148324377929284,0.4907984806696237,1.6614307638216437,0.45208549615565574,0.7572757760502827
TP73,1.054525257492263,-0.19117960395489705,-0.2657579187012648,0.6627846517041267,-0.958269924895778,1.2866814396830193
TTF1,0.5271965771512017,-0.2483142556723719,-0.03993282436180779,0.13190637216775,1.2446104227977848,0.62633909489576
TWIST1,1.4358390085289778,-0.4142793286847987,0.06245845658817217,0.5365263660584403,-0.03458957421433351,-1.2199447755802624
TWIST2,-0.18302313179028198,-0.11654407878727524,0.7321240111894086,0.6847713230617338,-0.925372826132969,0.1370571785388919
USF1,0.5330547370092691,-0.927533593640323,-0.2407763032717872,-0.46934042318705493,-0.505104355365317,1.0926977495688188
USF2,0.3243480596965108,-0.5548833855031235,-0.10791754422042948,-1.3516287186063995,-0.6483888695142508,1.4664601572454523
VDR,0.05129431435937444,-0.3385178483749187,-0.7147115163042823,0.9510411744465744,-1.281831280056788,0.7922734026892665
VSX2,-0.12102513606135498,0.12022510283765189,0.637595254080086,-0.4625650224826983,-0.3953183062317676,-0.6826757667103909
WT1,-0.1964317347481584,-0.6772227785785042,-0.08749546682000207,0.1017260671476711,-0.5945084716940006,0.5461729612451158
XBP1,-1.25122195117354,0.39825514529682804,-0.11704859011159434,0.10089789106416498,-0.13194379752522656,-0.30420325338260523
YBX1,0.01976998877801756,-0.26776325027214387,-1.2396907957028804,-0.081186121424916,0.7552472024583027,1.3220213915591916
YBX3,0.6873004580020312,1.0975030955596436,0.37206578266962403,-1.5473140792858144,-0.3539250381994192,-0.25420864226402806
YY1,2.0828317899314794,1.381123342077775,-2.0386345045807297,1.1970642029218397,1.2800724184357033,0.08562667073819104
ZBED1,-0.05610074053955389,-0.43633059957016024,0.3248248344484242,-1.077148772591602,0.11303954059247445,0.15840513404421666
ZBTB16,0.5360880735861236,-0.34635105363693064,-1.0031824336394009,-0.8974212719711004,-0.456515616357967,0.7063803019217891
ZBTB17,0.17456132361082194,-0.2603503810962695,-0.6280293861531577,0.34391846224536554,0.5053562911232041,-0.011677072852772068
ZBTB4,-0.10874520578557259,-0.7671107809829548,-0.7480153174680695,-0.38147976536878975,0.4682187036938179,0.8701559987076889
ZBTB7A,-0.4361642206399336,0.2745467626725138,-1.2770849276377416,0.7314964629697197,-2.2403575766239205,1.3249021572446913
ZEB1,-0.10720529700253331,-0.7600578621480648,0.5661386808546364,-0.6122799295428963,0.6143854289555003,0.0332345095110083
ZFPM1,0.46508849536857966,-1.3883017594669387,-0.0074989853253195895,0.6056252725630243,-0.2407798848272417,-0.5815214722272216
ZGLP1,2.3996525371453643,-0.9635154738774092,-1.4443537737099263,0.26917815893933483,-0.24171120258798334,0.3683198767558689
ZNF143,0.6473201624158667,-1.0815887396986956,-1.6322562870657016,0.014094955652973924,2.092691683608991,-0.43200060851713007
ZNF148,-1.1021124198094365,-0.6624827930506306,-0.4999770217071548,0.47316690186242544,0.2926742325181613,0.8953154866008833
ZNF331,-0.1828355245151213,0.3267729149309466,0.48857453569548887,1.1563308985417018,-2.0142930205981857,0.2624677076291344
ZNF382,0.4301852893448716,0.7904487873848148,-1.1377401537983138,1.685047336835576,-0.6933937263412769,0.8556851190708493
ZNF699,0.1580073990368086,-0.43593441258046894,0.6107346139128964,0.34416340712220334,0.22184712237560117,0.8416015271425764
ZNF91,-0.5730556951004843,1.2536728685886591,-0.868466348462474,-0.47584689396890034,-0.31401159507830645,0.12628717367233405
