,log2FC_A549,log2FC_BXPC3,log2FC_HAP1,log2FC_HT29,log2FC_K562,log2FC_MCF7
AHR,-0.25168410989541073,1.1158977828170742,0.2761948888775194,0.3211722865121529,1.4234861366384497,0.45744644166047455
AP1,0.5263279093256218,-0.2642796879340864,0.13810724404967706,-0.941683563516523,-0.21559284936112394,-1.0772392853913018
APEX1,-0.1098678173378381,0.32599098305920665,0.7929116856975685,-0.04040843908440208,-0.24311802512013975,-1.1254106357696747
AR,-1.6154710184565908,0.07517845582010127,0.44119706154836286,-0.26344516235663973,1.6948656519577168,1.1770655576150943
ARID4A,-0.2722314978055222,-1.8461082826240736,-0.12549939526149959,1.2886194898351742,0.7447689759936733,0.29963358941691465
ARNT,-0.04831288441693517,0.10674317099580012,0.15590567773384498,-1.6334887770599928,0.7682045855764226,0.03537253888359673
ASCL1,0.6369571163900187,0.592618738081692,-0.41528372222081744,-0.3380846571226106,2.856170793758687,0.7767203884494172
ATF1,1.0079883749855714,-0.05113429874808246,-0.2546029273863408,-0.9618595716931267,-1.3671280142691091,1.1999405885810572
ATF2,-1.67543424874037,0.00139430088533082,0.6634238201396007,0.497131607758769,0.20111847571922187,0.18704226484945838
ATF3,-0.862472388274771,-3.9618582824102875,-3.637673043060267,-4.921286150009882,-5.4677637359417055,-0.9924380927616192
ATF4,0.7389432290963148,-1.5194602664468548,-1.4298849480637446,-3.265419086836194,-0.41559335866287755,0.3034006833537314
ATF5,1.0246118064462153,-0.34579475718261515,-0.8545367096415233,-2.045990357744544,0.33865288560485507,1.6822769810636964
ATF6,0.6813899004710167,-0.5709248823137091,0.08192261468192112,-0.933638464800623,-1.2879951580053197,-0.5084912071909465
BCL3,-0.27857756361506,-0.02074594952810451,-0.02038293437586073,-0.06341811252741618,0.5145017146769837,0.025622223434466913
BCL6,-0.7850414843994293,-0.5844252481245505,0.18233389820517207,-0.1217813598526725,2.978356973998974,1.0327148621985291
BHLHE40,3.9523646948669597,3.554024201086342,2.669786379354716,5.460360087868075,3.954098138314487,3.3287955875483246
BHLHE41,0.05148717405248897,0.7604398123482302,-0.14465972649036773,1.4279175432819928,1.4526458022391426,0.441236600808321
BMAL1,-1.050155489288748,-1.3921989864547057,0.5420870107691048,-1.4204304921783102,-1.8797083723858887,-0.12530494876443676
BRCA1,-1.052759613801498,-5.592338150054456,-3.8430375321741215,-5.119328050159901,-3.0602331800945968,-0.7595553153636798
CDX2,0.16529790477481476,-0.7229839558058875,-2.667062364718257,-2.0589287253725854,-1.843715043246393,-0.015157380576141723
CEBPA,-1.4200754165412268,0.1770106732728169,-0.47024904002220086,-0.01273031910170971,-0.13744732083340835,0.28059398029391525
CEBPB,-0.293666668143946,-0.5171465448120349,-2.3410794436077262,-2.625734899217556,-1.8551433661425019,-0.03003075898861293
CEBPD,0.7668707374045621,0.12995058375384183,-0.6044465318449872,-1.267316780904452,-1.061827553184334,-0.29179029297520653
CEBPE,-0.5854168712312693,0.6679893072375139,0.7864370476746204,-0.027777421539858065,0.32230699015872255,0.3479072094344732
CEBPG,0.6862769363793627,-0.4225676656007486,-1.0526236211207722,-1.24595698647355,0.62278422315048,0.1383598998972952
CIITA,-1.879520319264156,-6.685144938356041,-6.579748670981389,-6.518896369437629,-8.101278141474836,-0.7930958507448125
CLOCK,-0.7575454365254325,-0.6067977975034112,1.0538728156696204,-1.3295560348273683,-0.8067457494558979,-0.15890819126624806
CREB1,-1.1308876686121339,-0.25651394571058134,-0.8477231801198152,-1.4939897656731451,-0.6050245604319144,1.9162964037296975
CREBBP,0.6772056023493939,-1.6595263672991116,-2.3581360886588048,-1.7536999087719083,-1.3433953844041533,0.16536771236545822
CREBZF,-1.1386672775496456,0.6194978242496658,0.09253415081991266,0.06792357009041522,1.3709455758589693,-0.40720211030399356
CREM,-1.2211898724141406,0.9416481262827201,0.9391723168144428,-0.544584826342793,-0.01086948473983638,-0.4688966982719871
CRX,-0.3350172990818931,0.14953964593456587,-0.4350768546331339,1.2782471678668852,0.2240485384732245,2.282452654010906
CTCF,0.7920138386906158,0.12424097654136039,-0.8935220577945845,0.2403670540177268,0.5725354852847878,0.30067901614154957
CTCFL,2.511974775089476,0.06453749097273617,0.6304637799992374,-0.4135365670211424,1.553045967040029,-1.9519253937412606
CTNNB1,-0.291094413148023,-1.9155152323990206,-0.6750348058337353,-0.7180939801941824,-1.103197301112642,-0.07511833479209604
CUX1,0.24778201381044576,-0.43110932132559654,-0.6770952546558676,0.20565774558299801,-0.5474961971090234,1.987749215641217
DBP,-1.200411147565526,0.5531998389875699,0.36004711196954226,-0.7044190810441806,1.3371170795478582,0.07779788274205499
DDIT3,0.037536230757623,0.423975771909112,-0.7262323774929769,-2.698310017768908,-2.1810102101714643,-1.1926387071742808
DLX4,0.8957797681664498,-1.27612364567033,-0.13108267590240688,-1.484416361525422,-0.45396603057936874,0.10126867428432741
DNMT1,-0.20781229412784685,-1.8335239557953669,0.5571013731040273,-1.2777855984960884,0.2793205024582303,0.7732717342402807
DNMT3A,-0.16395512930855555,0.21077898285664118,0.5550804880320497,-0.7026498131284925,0.7100739700057797,0.10718528416339271
DNMT3B,1.1499054754368732,0.6726464752257557,0.528952380702726,0.6243459207014602,0.34269621638394265,0.4100741013348327
E2F1,-1.4354896781467674,1.0900728800441684,1.454152309731919,0.13635084473132164,0.08023606553153441,1.2339502351649176
E2F2,-2.137506575499364,-0.36468950231643715,-0.32477850091017757,-0.14544889041237025,0.34692568663987405,0.17017359509799795
E2F3,-1.1201083013648097,-0.2459928340249202,0.19924091121951462,-0.2825921717609849,1.2702553196593205,-1.7290956208762585
E2F4,-1.0317537424412635,3.788645417106841,0.788066369832531,0.06365040952387364,0.6261989030603603,1.43273776720748
E2F6,-2.0238803825774085,0.4688357423426983,-0.33701305835539414,-0.2505610819316724,0.009366215607042977,2.394243973619186
EGR1,0.931982204447935,-0.087157786634002,1.4806610322024996,0.6187714856473118,0.5120143376190123,-0.07467294627444447
EGR2,1.159458736876932,0.28467755046007887,0.7298958827744404,0.9026703581860404,-1.295683480493649,-0.22482677252742791
ELF1,1.6655038916653904,-0.7482020239602116,-1.086723743980052,-1.2398743593546702,-1.679901662093445,-0.6824726758666643
ELF4,-1.7249503765439413,0.0902004057228629,0.8108598677791549,0.19003837128880544,0.8673870223042767,-0.04649397086937115
ELK1,0.04083190277266457,-0.6981705158797905,0.35848111360203083,1.2298223759632947,0.4201351270134371,0.7596227382407489
ELK3,-0.36875652763453787,0.8912140047834831,0.1723461136532689,-1.211019289620352,-3.1044321065680642,-0.6465721632622994
ENO1,-1.6483260407970393,0.45936991572963504,-0.09276235234291297,1.3514684097517193,-0.015097243757133604,-0.6856860312971926
EP300,-0.3560779332127801,-1.180167920864031,-0.27576726680281255,-1.0331830374839719,-1.8974467209197061,0.7649971591090527
EPAS1,0.7037592923063118,0.35216229803574967,-0.22951873677228823,0.035485528470694735,2.0646897001731754,0.11081887767940707
ERF,0.703986756301526,0.8263561673497065,-0.13413037778653394,-0.4169254054619166,-0.5016276329240831,0.6464017668360797
ESR1,0.28647117353282875,0.7252904352284958,-0.09417853747752374,-0.7033324885930309,0.8744880953325147,0.3119336806124922
ESR2,-1.0295584127854918,-0.4285666386410843,0.5526403781763116,1.9200992158083694,0.8288049166829747,0.9340361304897904
ESRRA,0.3740180078237682,-1.7015461446555398,-0.3376180706073682,-2.2533645202347374,0.7629672485021662,1.5334123512418925
ESRRG,-1.7380130575659842,-1.3228505199914995,0.4014299722286619,0.2546023097729156,-0.24433620686946017,0.09154284451870422
ETS1,-1.4769226967045033,-2.6354353318220625,-1.2446956059311391,-1.2150090772812472,-1.7962210297784313,-0.9042977615120069
ETS2,0.36081796407783673,-1.6071642649014506,0.44845369173859234,0.039044796815986764,1.1600802939770567,-0.9449580420406274
ETV4,1.6080618779556821,-1.4100942187513603,-0.6505065213034901,-2.570984244145282,-0.5007059255545625,-0.614248755779724
EWSR1,0.14446038354669877,-1.3549721231886347,0.5210185466575725,-0.32367769600585766,0.4934297693913829,-0.04186564317543297
EZH2,-1.0140036597935334,0.504995459985701,-2.1997474259814456,-1.9847965661136373,0.05759005830698385,-0.30196308034328884
FLI1,1.4792442473346359,-0.5329304858967884,-0.1524234006603781,-0.505199252527784,0.5813088677871276,0.023284189163931115
FOS,-0.1960928414757604,0.04122318854828158,0.2201458928163894,-0.8304119466954571,-1.1418038169725073,0.6062876253546275
FOSL1,-0.18134454174995793,-0.4201964862179511,0.02847798064625047,-0.7201526249561001,0.23359193303131978,1.2392691105053122
FOXA1,-1.0531547482227257,-1.682204570163701,-2.3916813748850854,-3.218005434685805,-2.4507750883132173,-0.684544314161611
FOXA2,-1.990206349865361,-0.7700006035422008,-0.8726466803633693,-1.9398151886128634,0.3819286971314005,-0.37102076194150035
FOXM1,-0.8197418207677597,0.3323211123375177,0.5835635263586343,-0.9890630389100749,0.5928876079522168,-0.011746870526393251
FOXN1,-1.2095348074700052,0.08728155001145048,0.24443747397010185,0.09495879736012157,0.7023449774096606,0.7657580745952872
FOXO1,-0.5485264919501243,-0.41872650622507357,-0.9922076550877683,-1.9761481800670757,-0.7738310612670373,-0.1815220592913066
FOXO3,-0.4497886130788025,-2.8675405713088367,-1.7581079927998777,-0.3020140587079886,-0.9895106427049762,-2.609077876047308
FOXO4,1.4669560162026105,-1.0251293712762997,0.05779943791850498,0.7329323912524234,0.4973929427397521,0.5458446161409979
FOXP3,-1.0035455428828643,-0.07699196378244758,1.401352975818034,0.9368845214723996,-0.6260370990792876,-0.49379556969824423
GABPA,-0.6629258019015457,-0.17608881080637884,0.4781260359523744,-0.3667602711932863,-0.20466117387427343,-0.939898481423524
GATA1,-2.71737238102002,-3.5125556552295456,-4.289641573140081,-3.224551382284374,-2.97941425443909,-3.678600580394102
GATA2,-0.3081600332082907,1.156906544903513,-0.045736684461936544,0.0672680039278464,0.971807651278685,-1.1345521757902193
GATA3,-3.4116901941821403,-3.562512789538362,-2.548775493066554,-3.1505217043143414,-2.6563862730364427,-1.3056068697470755
GATA4,0.9450848876252202,-0.709223017149045,0.09440047766595844,-0.8514988294794,-1.5429309759077943,0.7243296795230061
GATA6,-0.6432519018390943,-0.45969457133295866,-0.8461020506674257,-1.847328180229555,-1.274268115169884,-0.7702426838834454
GFI1,0.6983097455147833,0.27271074824093655,1.1972674582296212,-1.3236640701014681,0.38826743799214003,-1.309990221828433
GLI1,-0.20323473126107547,0.44268576792117575,-0.21853144805879698,0.2118505995011981,1.768822666816484,1.710871462516826
GLI2,-0.7668991133450158,0.9425674458321057,1.1350115289961535,2.395902239559847,1.3940912860949766,0.7975446622298167
GLI3,0.07333488658075611,-0.7871296522187742,-0.23488324096749683,-0.12822744517709875,0.2937335165624503,-1.3375155527131113
GRHL3,-0.7954688965581405,-0.28104110706109314,-0.20515066390907588,0.5998902390190758,-0.5715895347051825,-1.1941156474806813
GTF2I,1.1299320056078734,-1.1464261200363945,-0.3318337087001213,-2.003494474426052,-1.5074500825142974,0.5348065273634022
GTF3A,-3.639286865703464,-7.198212284949544,-4.777002000153551,-7.628175341509234,-6.089627371770754,-3.14315617629805
HBP1,0.33469568199575994,1.4676011293220743,0.6656436590309578,0.5014596989600164,1.7112279143761921,-0.5301405902114078
HDAC1,-0.5408728894421186,0.5575879537145653,0.02030352932355644,0.43537668869247126,2.227650603705735,-0.43369368349884097
HDAC4,-1.0032009466951919,1.5723936564990024,0.9160555580819909,0.2594512570763736,0.7371140811120769,-0.7078044077359978
HDAC9,0.6940138237433134,0.9731536389245468,0.6586640281864428,0.8959700842335004,1.6315193880457453,0.37136966134480603
HES1,0.09238548818783163,0.17363442948448463,0.5141594875912722,-0.13802611100392903,0.5716837957455118,-1.0524925537621432
HESX1,0.6248528994654369,0.10981004008943804,0.6838556784913733,0.9183439412047413,-0.3499652649216254,0.41422231438563806
HEY1,0.7045585194110234,-0.6699189331122558,-0.9280285347535738,0.038913549780986025,-0.10649805470557175,1.4845988836858826
HHEX,0.10303536007385726,1.5709527019573426,0.4883428192814847,2.4566396941425483,1.5526096334536974,0.8030740174192819
HIC1,0.15039136354825347,0.9423359538631596,-0.3368629495440167,2.2669594992025566,-0.28381634210279116,0.0861531625332108
HIF1A,-0.8669924965237401,1.2009059354212552,0.38964537122139936,-0.22571132715834047,1.1717532385169616,0.08772250035916834
HINFP,0.2346865995808292,1.6563551603359914,0.3726800553585442,-0.1943136093508898,-1.1309627260837618,-1.4731115509773745
HMGA1,0.19949573113222982,0.32324232265889646,0.6368351487698619,0.5009946954630027,-0.3340915892082427,-0.4451106811927822
HMGA2,1.4986936118773475,1.6843644730127996,0.06066895960641566,0.4710239129152149,0.28876730038395054,-0.19442254192925892
HNF1A,0.3593190475729812,-0.7087878459630265,-0.19338953927331196,-0.9526290207508494,0.2927543820558878,2.4488478148059074
HNF4A,-1.2824077942052006,-1.569649046346365,0.04233862555988562,-1.288233983404191,-0.5126129791124509,2.055686144145223
HOXA9,1.3109263560662385,1.4082818448364132,0.8151666304638795,1.0492747582714554,1.3638739778236009,1.8765798044675828
HR,-1.1990478164983056,-1.4360952580330473,-3.323716567288506,-4.011855204331588,-2.8640098411304264,-0.4495670513904834
HSF1,0.383192691676014,1.0301186095419295,2.271958870959207,0.3028917894103562,1.3286760134043927,-0.5019022463361416
HSF2,0.5394988700937285,0.148943927870138,-0.3758467471152318,0.6702457981545076,-1.6359859403744705,-0.6524842349756764
ID1,-0.5621557809613065,-2.728092888814006,-0.09890550285780773,-1.7939471691184494,-0.4444940032983332,1.3560993737934406
ID2,0.538280994839015,0.48989878738405573,-0.08908244231174813,0.8828763594762564,-0.023583167578474194,-0.9819531684518552
IKZF1,4.489774419384396,8.296446202508644,4.902727261411603,6.703184142595201,5.602854446088258,3.0520131029824107
IRF1,-2.9130517064605415,-7.0701225117622055,-16.158976364935107,-12.738479845906717,-11.48074256338361,0.20831663912480297
IRF2,-0.7355148718024103,-2.932639256399899,-9.028482228536143,-7.07407166166097,-6.332601818784196,1.9738040651807833
IRF3,0.19376674427362817,-2.4570388278336157,-7.911133326254528,-4.805715997912132,-2.218064680535636,0.7218508285376053
IRF4,-1.4382231743068659,-0.8191375130809327,-6.228432339397384,-4.238431542350097,-3.387271492196183,-1.153813245160586
IRF8,2.5452302478617193,2.641946435925894,1.5217999205681678,2.650881456204055,3.002070242792723,2.8513013013642476
IRF9,-3.9744219951039614,-9.257933145002431,-24.163441948763275,-16.250697396998284,-13.249654885723752,-1.1958998597605421
JUN,0.7081594336262634,-0.6947191125495753,-0.3839587223391379,-1.1600920362437792,0.8452073150498112,0.7233667508108516
JUNB,1.2507827906006173,-0.966402401192438,-0.3499390001057759,-0.07223726608240942,-0.3101678625756022,0.6633435593118326
JUND,-0.027392508650170018,-0.5132529232976333,0.32930502476241813,-0.4762766255702174,0.4045560329337894,-0.8752729252866956
KAT5,0.05380715056742675,0.11850889011801347,0.4318514234981094,-0.6287247545911508,-0.3479250324386822,-0.7240164212744022
KAT7,-0.41958156771798644,-1.3699103648606772,-1.5916534921518901,-1.529587614524932,-1.8600577177789432,0.38118280911654834
KDM5A,-1.001882445677645,-0.023714641863340852,0.3730217111118077,0.3119219697038695,0.8622514131584842,0.06272841835081146
KDM5B,0.5686056975343827,-0.9940434438315233,-0.021540784797307366,0.3948157562875484,0.08128223945802604,-0.8018310396659564
KDM5C,1.3477793849186626,0.8187818659917613,-0.19222407750460901,-0.2863910843107622,-0.06642678714806327,0.7788229059431081
KLF2,-0.3295966277013682,2.400865448625666,-0.8526092890177662,-0.11070453263795255,1.4408416884352577,1.2712755951803136
KLF4,0.02114659216788103,1.0755371823058935,0.08237253976102511,-0.9078035397733432,1.3235610384241527,-0.20680061492305338
KLF5,-0.9875096307406802,-0.6729279145169522,0.8935581091491205,-0.42987496180451157,0.24473258174502244,-1.3178624936866952
KLF6,-0.031558947530489004,-1.0113377829130146,-3.550260661763253,-4.291501601260053,-2.726861587945527,0.25769008863188486
KLF9,1.4098834220803773,0.6728632103783907,0.9030148370449285,1.2520287208590697,1.7852925107369886,-0.03698343855076056
KMT2A,-0.3085006567243237,-0.521175200364837,-0.6826268192810517,-0.28787226339763067,-0.9313621093254468,-0.27740460633561853
LEF1,0.49548641478820565,-0.01756900569795598,0.20241848351147887,0.045070216423622765,1.6111184028049357,1.5720842893319593
LITAF,-0.007147779161309881,-1.4923199266837783,0.38618992230322313,-1.7124312777169486,-0.58900255566874,0.3658745636828583
MAF,0.4234546391489682,0.8591380509526116,-0.5727984606516815,-2.0868462017001086,-0.7895706474425594,0.5305706819173117
MAFB,0.7044374121918106,-2.040340368833671,0.8459230751794165,-0.09906132623124182,-0.5243050073855876,0.8107217181942563
MAX,-0.23323492235005902,0.687369277991353,0.3341393421709441,0.10735770344280157,0.3161971431962915,1.5257864119390259
MAZ,2.1488809762984857,-1.9419418674809918,0.3437198210261999,-1.7301470634107596,-0.5824546486975424,0.1429539428194913
MBD2,0.5334589568925705,-1.1833668401525994,0.4377442336469394,0.017384890541420055,1.7962238332416316,-1.0965964297557222
MEF2A,-0.68000576037667,0.09126156814537348,-0.08442557934013147,0.6498276217980382,-1.7453575051151524,-1.108028429623788
MEF2C,-0.9348820347444508,-1.9552293928982005,-0.19072370246819764,-0.43883960431772867,1.09055688524056,1.100273663454131
MEF2D,-0.9760840589456854,-0.4356588504806427,0.7293347253816872,-0.1584887002508321,-0.038436748839969094,-1.2027105996166358
MITF,-0.12169784331742585,-0.354029651584727,0.6230104014143902,-0.5567307268908809,0.48530223526167104,-0.3899090284716989
MLXIPL,-0.945171516035275,-0.1982371836195163,-0.2193910295398974,-1.6342753334112128,-0.6913948803691394,0.8952798240003347
MTA1,-0.13197110614468618,-1.0212939834494226,0.07969797767363378,-0.6672567485045918,-0.3110535114888339,-1.0727763684454306
MTA3,-0.1377299562344207,-0.8542742701249961,-0.29568684289258235,0.2860991160729212,0.07303999100967455,0.20174324483259473
MTF1,1.9064292177379825,-0.6952563392243021,0.6976344676120598,-0.6290263256730572,-0.34787583811713063,0.2976229047565011
MXD1,0.14275213388818744,2.1540517829084096,0.04883331801721379,0.32124349031153865,0.30266617378438243,1.0965003889942686
MYB,0.3367074435154635,-0.5385930584185982,0.33742148322732235,-0.3957694762556719,-0.4270235759677865,0.8313248857762489
MYBL2,1.104829779237803,-0.35654097451537636,0.2514283352756371,-0.2796525738440134,-0.47383030031149287,-1.0583200008287839
MYC,2.475514676384929,4.792857192629115,0.7805622185289386,-0.0905958558421331,2.414096552046242,0.8087584752440583
MYCN,-0.45650078777894415,1.3830853533423042,-0.35938222362703404,-0.8768562800073043,-1.0244108365945233,0.267242742262168
MYF5,0.45633148839301213,-1.585166734732045,-0.7843531462857368,-0.14207251110745264,-0.24376297309285486,1.090627037312581
MYOD1,0.9801079145002226,-1.6177517120242806,-0.7314665927279609,-0.7221074463810783,-0.9550309882914174,-0.3202898635139751
MYOG,0.6656246548465171,-0.3946176342148065,-0.6496963441088676,0.5578824561679975,-0.19034202320111923,0.29418620379752136
NANOG,-1.3093828075787224,-0.6272890090451174,-1.1409865537775385,-0.14692531687855687,-1.3650457460243663,-1.774517505646521
NCOA1,-0.6307119138871558,-0.8481726868649437,0.5401696853729849,-1.5642420085130304,-0.028506415408702458,0.8131922998903371
NCOA2,-0.7048773527306359,0.23123418890616199,0.17412397385374892,0.5529039765141226,0.21044977227647,0.20690070574027017
NCOA3,-0.7325295010397497,0.30946646973818415,0.4629007256093363,0.10882717870428915,0.5857355134083148,1.2141450949926302
NCOR1,1.442001518070402,0.23493238577331052,0.996746287245548,0.2931289711988906,-0.2630195737377971,0.005323211890833026
NCOR2,-0.05318472300900739,0.21488962676687431,1.2330588172241015,-0.5342655591983655,-0.28526542509955594,0.7253172325634204
NEUROD1,-0.5447910418340604,-1.030787993504285,-0.0717615250228289,-1.4172015661305382,-1.1947820501450768,-0.23389186768993817
NFAT5,-0.7607190050944042,-0.953393787205798,-0.3020625653269824,0.8054715303871719,1.1476594345799356,-0.4278383008689553
NFATC1,-1.1058218801171245,-1.1800813876891705,0.249982054910324,-0.806527883997353,0.6299389759863312,-0.9319963976648591
NFATC2,-1.1858275145745671,-2.340918885562687,0.12228773447050545,-1.6897794880367791,1.0540367921783138,-0.5050831719799513
NFATC4,1.3472132665921543,-0.9703384862702381,0.2852850399233641,-1.1099534650820713,-0.239323538464175,-0.36529912972435047
NFE2L2,-0.017027296740573773,0.56549084687749,1.2942880230595,-0.15202621297967855,0.056232076444648886,-0.6936863290014069
NFIA,-0.1522574764984421,-0.9111572823178338,-0.1846141926886209,-0.7085259270321794,-0.08030611105806014,1.7725717554975031
NFIC,0.9197074559920283,0.18181469939114644,0.29668302844421873,-1.5718865003874385,0.4730294931374051,3.1031055768133844
NFKB,0.05785068592249534,-0.039560862027130245,-2.842943398970025,-2.5440722855550253,0.357987818089677,1.1469366121050826
NFKB1,0.10256370151016213,-2.972158486958066,-4.722470310841995,-5.366205133243716,-2.7342604436062614,0.12269679388760893
NFKB2,-0.6391336123334109,-0.8469618495862716,-1.445748727940165,-2.529472090226313,-1.0494079600777544,0.6546803834549997
NFKBIB,2.0652992842660867,0.38336454062103054,1.2220916060015483,0.21321342813206168,0.6577090826174521,1.046837385376589
NFYA,0.5785732430381231,-1.611279508176711,-1.902703847284794,-1.2124364123061546,-1.1594485025216212,1.1981592225161473
NKX2-1,-0.6274264062178034,1.4267798082961551,0.4200886285872723,-1.0878559378773798,0.031702904761337886,-0.6026069990363878
NKX2-5,1.0812305783631606,-1.1035154839916104,0.12088252418839357,-0.12464751902642998,0.8220834068619252,1.0452011294756054
NKX3-1,-0.9662034013083196,-0.5235364043702666,-1.0153649516349672,-1.839044063790847,-1.2139743596479062,0.9313037494876567
NOTCH1,-0.727094745935094,2.1457716713854866,0.662675927811143,-0.2867750046094788,-3.0170945530544095,-1.8940444921539517
NPM1,0.7366777708682224,0.993885235285051,0.9735319826721198,0.09380440435967628,1.296550970608423,0.1429150706660865
NR0B1,-0.49020949085341003,-2.4083630426740257,-0.11527267871696709,0.5065039906152289,0.22135112289666622,1.2037595910887238
NR0B2,0.689178605525323,-0.5666758643726229,-0.6052164081841376,-0.17818678630150847,1.0012117598986172,0.4585559486676414
NR1H2,-1.687558820301885,0.5415357762350512,0.2445557437798755,0.06538351857987493,-0.9058849600999541,-0.06313264005656835
NR1H3,-0.8961794393619575,-0.9474729508577413,0.39920136933333683,-2.0613127822852837,-0.018372831311741798,0.5373429690630684
NR1H4,-0.8327777695827389,-0.8968843836468514,-0.02979285273549811,-1.7538113415101626,0.10073895898779374,0.8061429740651397
NR1I2,0.7470186847969987,-0.37811487582198333,0.18330408270145163,-1.0601592554464374,1.459467921898022,1.3052401109334797
NR1I3,0.2569335667798236,1.9175795459581497,0.5956997982121974,-0.15751003617476395,0.7762212170395051,1.4298236398044097
NR2C2,-0.5933981686793927,-0.8440273454394285,-0.9924012582092919,-1.6407956707027513,-0.23074128659264043,-1.7602549862109276
NR2E1,0.8112571340057959,-1.1315161241069858,0.08370905702979062,-2.530761282299539,0.7747183443724692,0.26117978366282
NR2F1,-0.20761599797399435,0.8045373999095901,0.42987437314116994,-1.199028021417527,-1.4993601211926197,0.7149993663614562
NR2F2,-0.2878668439601925,0.4068341819152798,0.5104170585183215,1.0777871134494093,-0.6027509929519765,-0.4663057646231211
NR3C1,1.0366405992922816,2.0645023588340132,1.862326912139207,2.270591461942062,2.450402266510218,0.9964891044198941
NR3C2,0.43648459186124927,-0.20632524429556034,0.1869275059336816,-0.16836847630113422,1.455897365263439,0.7275328124390323
NR4A1,-0.8581415276439894,-0.1468804967341447,0.18306566520413187,-0.5866014637704353,0.5970777562387743,-0.6858748781561974
NR5A1,-1.4534227109345712,-1.0803069868417954,0.10007537229539851,0.5210410732211005,-0.4936300876504401,0.5148848705545434
NR5A2,0.020926873383075407,0.8286257843198696,0.5379735378046212,-0.753362345660717,0.47147473695678155,1.6747550659653623
NRF1,1.0995502100160197,0.28174041618699824,0.4419347008499354,-1.317118965925235,2.375208449887128,0.3201140087219054
NRG1,-0.453690578149319,0.3652119249165362,0.1025633543767948,-0.6186680318594263,-1.0286421338568497,-0.21651307827932575
PAX3,0.6767124593210173,0.24452919084877553,0.296817719260905,-0.24582265396069888,0.5792210871026935,0.7076905524674189
PAX5,0.6806327184117897,-0.11237218104254533,-0.31350852203072127,0.3365422829469753,0.20012122030441704,0.07058829814492563
PAX6,1.0708531948050102,1.5530683758186006,0.11242986550977747,0.11503172697363066,0.40796221769119706,1.748551120381058
PBX1,1.4100546442686197,0.7590208404375609,1.6717599909123795,0.9600333720822265,0.34285039385664867,-1.8956250519032598
PDX1,-0.5315201199134153,0.13184139959578126,-0.21023993544159117,0.027471051353798064,1.007771059543733,-0.32830810206081246
PGR,0.9461750937661938,1.8278258493088178,0.23880999818657606,0.9556090494754427,2.5177000310893134,-0.15665727241756347
PITX2,-0.651163349388932,1.1169157868058868,0.8692524578404908,0.9460684213298397,2.4966586504742696,2.0210291557231312
POU1F1,0.4089035508443044,-0.12443062134393698,0.6225651719307485,0.6852453198405278,-0.31290490165593293,0.3626672072217374
POU2F1,-2.4042900015013293,0.19215523131547801,-2.4790137460474475,-1.842900225744788,1.0215862482140827,-1.0194424756614133
POU3F2,-0.9565238190431381,-1.0059456104608262,-2.014861805409711,-1.6923520772682605,-2.195613011095673,-1.1037390001066063
POU4F1,1.189459402979794,0.3515522025574411,-0.07853297941630868,0.4177448288371984,0.2405887627712221,1.3992463998024944
POU4F2,0.7071568011803376,-0.19812708735758128,-0.45174541422126213,-0.05110432967686019,-0.08693618773555328,-0.011460568644145058
POU5F1,-0.23839122426632678,-0.2864911037382593,-0.19135727391286686,0.35840157910717985,1.23651261943124,-0.45810349708204273
PPARA,-1.4298606672466234,0.025855598275855464,-0.14444734669207976,-2.513652619697043,0.26664340998871827,-0.6315012546246357
PPARD,0.637548305168004,-1.3538536712948142,0.4435854025976519,-1.7695574961678358,1.0644700100384226,0.5893330580377728
PPARG,-0.595714974955224,-0.12027484462942095,-0.599438296660378,-2.608279008597954,-2.060008233094526,-0.7769480992152195
PPARGC1A,1.6740580144303712,1.788933314922277,0.6476361660084466,-0.3794053907824692,2.608533736735759,0.3737835884205315
PRDM1,-1.6099057911694648,-0.03251071765898465,0.7719953471006008,-1.2922589943047373,-1.0375175776578702,0.945280102406415
RARA,1.6349816297354338,2.5440661442977412,1.9403958017974343,2.4736185796509735,3.1622547287632075,1.326234636526973
RARB,1.187892217437762,-0.0354379468215624,0.6987507245705294,0.7196876611728139,1.2666910612644926,0.958753985948023
RB1,1.3450696936649051,-1.1761102601998685,-1.5736061401531798,-1.030756330650726,-0.03922466874968612,0.203632738334677
RBPJ,-0.0858509912899595,0.09526952272638468,-0.7405197028853988,0.0403169930357448,0.020403944117387916,-2.170620286330868
RCOR2,0.22715472729893593,-1.994353890544618,-1.0044678393053947,-1.362837881692582,-1.285520615795419,-0.6109077806971455
REL,-1.2551322242947354,-1.8840845209223112,-5.294400432065957,-2.7825900479184917,-1.0639266445026332,0.9824318805197552
RELA,-1.2417449999114663,-3.839212589937681,-3.6043487532813065,-4.727053909346055,-3.082868502497544,-0.3825514894647622
RELB,-0.120482973255887,-0.9165324567204237,0.778664820135282,-1.0325393586408775,1.2764917154197775,0.1378105876725614
REST,1.6429338811110308,5.658818383793202,4.125356108270738,5.795457070682261,3.9286812524339996,1.4791452392669642
RORA,-0.3681453686108081,-0.43083746882081775,-0.29004096350597963,0.5534691277275984,-2.450109199630344,0.5431943982158726
RUNX1,0.6926715832972647,-0.4574059268503512,-2.1377707343130345,-0.370090874667623,-1.7379301178145363,0.059859456160679864
RUNX2,1.0620976060181138,-1.5995738397162036,-0.4582513334001246,-1.5097645211470327,0.08091608937607837,0.773009360762465
RUNX3,-1.1403439375975768,0.6435063063857157,-0.17654239268498728,0.4403424235664555,-0.8452590559232682,-0.922783136714907
RXRA,-2.1208553948817284,-1.314296978438837,0.07575112937627415,-0.5001018678435053,-0.6858048749291378,0.2903577856897888
SATB1,-1.3024127544254425,0.5183465350639328,-3.8079105162888087,-2.0499968695648465,-1.1411159904385895,0.7758413007736044
SATB2,0.6432033612655628,-1.4563571912956814,1.76188637680501,-0.23595118671394977,-0.6551748906781324,1.2726482458235968
SFPQ,-0.7345215350018728,0.03292004580085336,-0.19010967649609437,0.9691176082601399,1.5563364730181122,-0.0869753686520677
SIRT1,-0.3235212994895518,-0.27162119647335603,-0.785867186861119,0.1369173805628172,0.41461968703491786,0.39101973623403835
SMAD1,1.1084004746653229,-2.5059193586282476,0.17954532195828568,-0.6793603685165859,0.8215852006050314,0.3321525752633135
SMAD2,-0.3545347897644837,0.016346281956730012,1.1567663630998648,-1.3915514892525602,-0.05494442299369422,-0.6563778528085431
SMAD3,-2.0585881244348037,-0.19545065584150614,-0.5993614995034177,-1.5179541916273482,-0.7882946367358846,-0.07942805749539324
SMAD4,-0.8620938649658774,-0.008144650438259972,-0.10121668176595829,0.7471620839369423,0.09704922320544992,0.22163189453134793
SMAD5,-1.0711476874306771,-1.8488540737045962,-1.0345020840210783,2.325873200292323,0.6690198971487672,-0.42235222172799963
SMAD7,-0.20001438048629724,-0.6483970325326138,0.19612017975591625,-0.396993696983184,-0.773137986433593,0.505161302471921
SMARCA1,-0.2860343633236297,1.1510958220065932,-0.69095289602389,-0.834512735086845,0.5295331466550185,0.3597626444585741
SNAI1,0.7008867571341378,-0.10133290144766177,-0.7940743564482651,-0.9849977245754236,-0.6667772019146283,-1.7549699904128657
SNAI2,-2.4465082702106544,-7.217430719736424,-4.367812208222771,-4.719054513544081,-5.947579295715835,-1.0957797112306435
SOX17,-0.15920277679957218,0.5891309099424175,0.43550571943364846,0.42984023110004,0.18780933334260758,-0.28480827521586544
SOX2,-0.6727559387886297,-0.7788216687160403,-0.004526145917399015,-0.43051523966901506,0.7584601870510561,-0.029637590383089503
SOX4,0.21521448992463646,-0.22090936712829187,0.4927863226597828,0.8394672137289968,0.023776252309122392,-0.1807562413773718
SOX9,-0.5118843584101663,1.856158927831113,0.819188500093613,0.5901397747040368,0.6279409817228022,0.66459872947808
SP1,-1.5473961228942867,-0.784636215829839,-1.9675564438413244,-1.4680417158850523,0.16766514251363235,0.48668547868320156
SP3,-2.0615330547934168,-1.7066378155658652,-2.19322296585754,-1.0351757966668407,-1.9254604466314786,-0.7863611037236263
SP4,0.28531872867520164,-0.250897470093993,-0.3432096151532316,-1.55908126956241,-0.04807473950313167,1.3671147656261307
SP7,0.595696278272565,-1.5632483116680216,-0.5479678917385807,-2.1966021309330395,2.05226364135111,0.4054246912455861
SPI1,0.9073468140911869,-1.8220804413208962,-5.8040137776333465,-2.7121140892688875,-4.79880583491125,-0.01545414214424956
SREBF1,-1.079756019408047,-0.8833954509402743,-1.216304364546722,-0.6465743188073605,0.06482286977684501,1.3794643283151768
SREBF2,-2.455472625525746,-0.707248058527532,-0.9384642563495248,-0.5507463371404281,-0.484143098871343,1.415886873804737
SRF,-0.8864583077740918,0.26864977179661653,0.2631121173577656,0.3024135229228672,-0.11270679168849504,-1.5124003140278401
SRSF2,-0.13267200977865973,1.8520842135551092,0.2329265321390056,-0.5863498750922098,1.6389282325271177,0.0998542499451917
SSRP1,-0.3220631341460503,-1.1002665294599143,-0.9804985991182374,-1.9009669163984642,-0.8164416221347359,0.818568538171414
STAT1,-1.1541822471559418,-6.131648675386527,-14.87631779080518,-11.622331946311869,-9.045186105783833,-0.032115504607253605
STAT2,-2.420995248371748,-7.186052601256279,-17.044287111146012,-13.612384958355502,-10.6419291430948,-0.5284267983716328
STAT3,-1.4786705288335098,-3.340243044910366,-2.899034985931787,-3.7171139836286144,-1.8576114373593935,0.5035969690856443
STAT5A,1.0814373132504362,0.6795233205359642,-0.8215507772875814,-0.832113381539923,-0.13706135674120742,0.7454627443440319
STAT5B,0.9035213064889904,0.7322106944642777,0.9692199734314627,0.776760047354808,1.080901676700491,1.3509070509959908
STAT6,3.2839877624637595,3.2575822024349197,1.8202964393361336,1.8176289620906814,3.6808973761372,2.5022479197797747
TAF1,-1.3653882567483897,-0.3229727324002732,0.3223006521083936,0.8821627886949792,-0.6315192349928023,-1.0525748309900118
TAL1,1.260694141150164,-1.1957039908595042,-0.027863519930579794,0.47711103106002767,0.19386483649585726,-0.21237191469790853
TBP,2.5066147844070144,2.3770859379367897,1.4645153687717885,0.021946464104681245,1.1300948932839354,0.2175559787832797
TBPL1,-0.06730175370264067,1.1242166109828,0.7025119133268345,1.9745102062260287,-0.827383504419238,-0.4906379290247159
TBX15,-1.838451611631238,1.352765007379579,0.7428983094579529,-0.49557304425315346,-0.39702488324094304,-0.20535718951093812
TBX21,-0.8638815741175506,-0.5908701705884292,-0.3956343225122471,-0.10392720855811426,0.281491998359242,1.2395484164643389
TCF12,-0.856916976229854,-1.568504035528882,0.840076293855363,-1.0464018333868035,0.7089594072311962,-0.4367483716336953
TCF3,1.1070413033155133,-1.1255011097548213,-0.44423236053801984,-1.2549284202281732,-0.623142082693685,0.38162399981955936
TCF4,1.3264991891597897,-1.3005117488389561,1.3951629301515078,-0.7252555171645958,-1.4704941841360588,-0.6372720053845203
TCF7L2,-0.8591556431357021,0.8405653513293967,0.8043528253732732,0.30866264037894003,-1.5400014749528192,0.3626670511997649
TEAD1,-0.7870634085512903,-1.7014447896960438,0.11423089140897928,-2.6333127933518536,-0.525971709650635,0.0230674098624069
TET1,1.0890667463280141,-0.8171448106162578,0.5264192183449676,-0.6147765558986613,0.6279607726647457,-0.2691285750693935
TFAM,-1.5570614398028197,0.49097362128325706,0.14287473850626936,-0.6589661770348342,0.4909202723246412,-1.9100538995580523
TFAP2A,-0.5940948717086592,-0.9213866217285355,-0.3835517231724956,-1.297878770878936,-0.31508998829788504,-0.35265691587696946
TFAP4,0.2370411916267166,0.7914871581358325,0.9894822365907816,0.7115203276120581,-1.00241103206259,0.31084025357506895
TFCP2,-0.2863402751599769,0.9991799466255517,0.6383888366091068,0.37690006315124436,0.25175613548783893,0.17916041524635642
TFDP1,0.8761754495792935,-0.5547765330133471,0.6543506066773934,0.5592143303610922,0.5787463038851177,-0.015855451098121764
TFE3,1.7268868765313454,-0.5737753338230459,-0.22089049495044227,-1.1837737632936527,0.17815252624084005,1.5431335376748374
THRA,-0.17486897744117025,0.5834832784386078,0.7427039871333253,-0.6599117260357997,-0.7976093621229638,0.8407819854262785
THRB,-0.8717017726570272,0.2433279025846543,-0.2734997112163273,-1.1270265151063967,1.1244352808071725,-0.34743633315573497
TP53,-0.7698029739176313,-1.6056855830855736,-2.4866170627051383,-0.8810902839484588,-0.9737000572742283,-0.6593204085232426
TP63,0.3144169864830584,-0.70185528032267,0.1467306044269576,0.7765847959754683,0.42133701970307497,-1.2429437535889154
TP73,-0.9840177499989337,0.18400447649464813,0.5291740253002841,1.4083651361349037,-0.08117484010134098,-0.24993334386352822
TRPS1,-1.3523993682432263,0.9041486640366073,0.39128088777004866,-2.703967694551941,-0.8035096133040089,-1.34689305721211
TSC22D1,0.07615577661473218,-1.4203674317422377,-1.2112177560311406,-0.02947631529176203,-0.6372682304227841,-0.8584627453807634
TTF1,-0.03850192556633883,0.12553114139588023,-0.2670816230156562,-0.6382686368279973,-0.7295184345629269,0.6935648855234848
TWIST1,0.19027101675629873,0.9638660741724597,0.9643955434352306,-1.953539730317239,-0.8479176026086309,-0.6439162391157457
TWIST2,-0.7196367830863332,1.0505140413864713,1.2896207391767334,-0.8501788968665625,-0.9897409262914517,-0.0770630623712467
UBTF,1.4293902304122674,2.11578032697984,0.5760553941039229,-0.33771857276753603,0.9150159591834205,1.7883824368232444
USF1,1.8369029498918226,-1.1946774805749694,-2.403867268412244,-3.0349498027983155,-1.7782321103256105,1.1846669971097692
USF2,0.901987722305208,-2.043583774138789,-3.1445853148957257,-1.270791059708215,-1.539876757242765,1.5780421159326117
VDR,-0.5866639492654464,-1.4316543082816091,-1.0292140481521261,-1.4465083955067015,-1.0480480178217935,0.4250941770032398
VSX2,0.11867757940773409,0.6528995868011865,0.14936961625565606,-0.30161339543235255,-0.5756331067799618,-0.18737040830427423
WT1,0.4316956409996605,1.955163139704184,1.3809785106097934,0.4772810418347301,1.176879414501102,0.30051465289210627
XBP1,0.5379666351169657,-1.345704553976712,-0.4943091127241686,-0.9605845219931397,0.021380204713149095,0.9500969203024118
YBX1,-1.6596307730806474,-0.563781600863372,-1.0385601040301966,0.16111038139129538,0.5983474397549237,-1.6943531573520054
YBX3,-1.196199464541346,0.7944328643012734,0.5470152983065314,1.990158348974908,0.313530055294516,-0.7295236281505584
YY1,-1.3678249708352788,1.5891631107785726,0.0778693301625994,1.5268097782190964,1.2027978947492965,-1.045173865199356
ZBED1,0.8750697449813344,1.2923098098797934,0.3936497349799123,0.23679991810240436,2.1340842474490995,-0.6032100921516702
ZBTB16,1.594602796438963,-2.673365626999765,-2.8539125521229316,-1.0975892680387926,-2.1963185258549243,0.1564796689978175
ZBTB17,-0.29430005666659514,1.950121010234735,0.39638347574832766,0.10541499331290191,0.08268582846365058,0.10387415499114326
ZBTB4,1.5608475059992184,1.5765528568946676,0.8701141932134415,0.5733882873420865,2.049490782940225,-0.5450000572955115
ZBTB7A,-0.718206313496326,-0.0721463452555358,-0.17000436838456887,-0.307087161703347,-0.22684386079004576,0.8913288306671326
ZEB1,1.3627321184152024,1.0065394457907624,0.14380132080012245,0.7672487772409494,-0.23048333337826185,-1.3218111147928204
ZGLP1,-0.5230414971611609,-0.18931227311002388,0.15794515879046195,-0.6366132229744186,1.2058635068290953,0.6326229851481979
ZNF143,-1.3677799434033397,2.5305778044407314,0.4986925455118189,0.576781610674147,0.9134012997586964,-0.18859267492565857
ZNF148,-4.068239731565419,-5.731131776120031,-8.656991251297695,-7.744203999085812,-6.768900995687572,-2.0921500181368224
ZNF331,-1.5801521351269336,-1.8288820058706348,-1.4747748402910272,-1.8289001106240146,-2.115376050715186,-0.014764575587213695
ZNF382,-0.8796795783073492,-0.20216130420547676,-0.948518600369347,-0.028961065842363434,0.7876351782857399,1.1731051661394116
ZNF699,-0.370181782774598,-0.20966675207531435,-0.10168802349265618,0.7089101978651463,0.2732079153569499,-0.4705354976001574
ZNF91,-3.465005966845788,-0.26887394650509494,-2.2853096981334113,0.8413579661549558,-1.1348523300690394,-1.488423310481401
