,log2FC_A549,log2FC_BXPC3,log2FC_HAP1,log2FC_HT29,log2FC_K562,log2FC_MCF7
AHR,0.6865881013112572,0.31071539717227054,0.5376981317366255,-0.2078422790183296,-0.12495432230995085,0.9735406990377008
AP1,1.2771035429990565,-2.179506625042259,-0.5288636818994363,-0.7215364633046744,-0.6119592857881817,-1.3538322811539543
APEX1,0.9416985916589622,0.524592351027324,-1.341107254670444,-0.14029414350922656,-0.09584726307360834,0.5701994506272797
AR,0.9120998752214845,-0.9507280979486726,-0.010686436884636672,-1.0935194787602989,0.5349621655151163,0.8129412016802242
ARNT,-0.5754872602803633,-0.6908546070512575,0.7349153633540793,0.21149493405184905,-0.5232771557908549,0.3032568950691885
ASCL1,-1.7615209027084033,0.04502395029273633,-0.29485307397237276,-1.1975539028455446,-0.45182092076986147,0.5803580099463927
ATF1,-1.4925421828242682,-1.3197552667853094,-0.163861915264255,-3.539579559126964,-1.6561056031395884,-1.7998055329849916
ATF2,1.2686955724862394,-0.16250103759110213,-0.20756442019475457,0.5741819317256891,0.5226016643952989,0.08718146750742634
ATF3,-0.20313961771634823,-1.6555095404565734,-1.3696263766136685,-2.4672215536268736,-3.3758524727650565,-2.403325682617947
ATF4,-0.8947517340943867,-1.1708763313930792,-1.7131094012050732,-0.819449911939359,-1.8137157171440073,-1.1567065111269128
ATF5,0.44344725618935055,-0.32366060841011873,0.039407966400699525,-0.5740162271741829,-0.7842552893377246,-0.6007822980950549
ATF6,0.9810163477859752,-1.3738757693631332,-3.270481748146797,-3.2780944110911956,-1.2109858748543414,-0.9864690300230043
BCL3,-0.8212161567240539,-0.4534729851473243,0.0077823982562557435,0.06404239937152437,1.13702911016509,0.6765517770792535
BCL6,0.2920271085911295,0.7989306228518138,1.6042785810339673,1.1687669416085793,0.5391428120149516,1.0555992618442667
BHLHE40,2.5942816252199066,2.482272881602996,0.873799783219424,2.8449966854981117,2.8593979789278365,4.070598320760555
BHLHE41,-0.17827760732623904,0.6789512476646342,-0.9875713327362717,-0.09710789783539184,0.6670794023593271,0.2963595538940971
BMAL1,-1.9427105290405824,-2.353603703946042,-1.613604984415762,-0.6843410471579189,0.34606390339021187,-0.3037066640270198
BRCA1,-4.133967066731618,-4.879535350704119,-2.7892997869064726,-4.723994539280201,-2.534794117770578,-4.124628919196017
CDX2,-2.802353831999998,-3.9945186309001786,-2.95434170527581,-4.944377838040878,-7.355903194860007,-6.460844180564544
CEBPA,1.3540329725581537,0.007454023578660718,-0.23755364953603716,-0.8635312777067677,1.4218548062926888,0.5455338974098287
CEBPB,-0.8546994272145344,-3.329839355623234,-3.0418491646077825,-4.86353863705345,-2.320332808758353,-4.581251400701647
CEBPD,-1.6264281540114343,-3.178044729659548,-1.4124325912660192,-2.5303247719936772,-0.210876816073198,-0.9252420022545818
CEBPG,-2.621424935994257,-2.992899458628754,-0.98912440569732,-3.2987106304631246,-1.3506387873150758,-1.415181071893951
CIITA,-5.423168889208964,-6.8910836193745935,-6.879029983512794,-7.776309437660557,-10.927507028153109,-10.271407609092487
CLOCK,-1.6480437855196661,-2.0081942323062685,-1.3308823915521266,-1.0491188081575922,0.3407259048156044,-0.7934896896465801
CREB1,-1.806826957095418,-2.3040372021594284,-2.252876145647837,-3.717678246809862,-1.0917267266284807,-2.398078623342535
CREBBP,0.794505684440441,-1.622144749143065,-3.5225428759554114,-3.203998454417204,-3.0672641921967543,-2.9500023319236495
CREBZF,0.7209259618026674,1.373057430830201,-0.5788656595162683,-1.3970449604620214,-0.0759793361529064,0.06044569152773421
CREM,-0.08218971376885353,-1.2689185701301882,0.6640858143690367,-0.22670940431820488,0.038459316325488005,0.23484544623069592
CRX,-1.4966818105318715,-0.47100758570367796,-0.57825461630912,-1.1567673815114325,-0.1808305626169271,2.3517710677383494
CTCF,-0.7130237897899394,-1.0150318461706314,-0.8170887910091715,-2.2367981827908507,-0.8821528719643753,-1.1636109921963682
CTCFL,0.0604128824906543,1.569495788223915,0.3268311251480763,1.1366008219815484,-1.1188579627229989,0.6640639959703267
CTNNB1,0.6857782399189885,-0.53143950119126,-0.8937923846479225,0.6993754058232037,-0.635892804090056,-0.8722926063374591
CUX1,0.3779292969785918,0.3350424234378418,0.23018370456307186,1.0136975395369496,0.5673335427664288,0.05997953175136835
DDIT3,-0.5355073019103099,-1.8549540943289948,-2.352938379261804,-3.366222675966788,-2.4166487106414025,-3.1826829028719255
DLX4,-0.2159114943783417,-1.2906298935735288,0.3248271467060831,-0.6689812656503094,0.12634050264137642,-1.0244685085348513
DNMT1,-1.3988086487938858,-0.34840271405769,-2.2245297134218536,-0.978177024668232,0.0007770573702369641,1.3229091161197797
DNMT3A,-0.690734400677533,-0.3697612199163794,0.28962211826420187,-0.2672251381091417,-0.028530524723006264,-0.06805297795291203
DNMT3B,0.45225897200563075,0.31887116893913336,1.4718757667139262,0.5672509805019643,-1.2364684847238903,0.1771539628574319
DOT1L,-4.467430928280365,-4.995081434323547,-4.618945277874473,-5.325365223919353,-8.797362670252145,-7.805900225490617
E2F1,0.6668777235099487,0.7460994214164094,-0.47135600993458715,-0.8271841743905736,1.2115116511082953,-0.33965877533950734
E2F2,-0.3851334932525334,1.3007846421299687,-1.0074844704289758,0.823203079820026,0.9742441471812447,0.6608623899103634
E2F3,0.5221092191432107,1.7565751456157825,-0.357149644361006,0.697284583943361,1.494224900940255,0.09894242562195896
E2F4,1.0368059936317542,3.135742186929528,0.8951178072408458,-0.2975587183057553,0.046491282731471004,0.08228075070335229
E2F6,1.0045468224847853,-0.8548126036621058,0.6001152576252442,0.03627975522294202,-0.6291943005193883,0.8781185063701796
EGR1,0.8896854296982779,-0.6417809062668438,1.4280679803755925,1.1758611047382101,3.1272175824553816,1.6284696270740178
EGR2,0.9357195685827812,0.6146567041807122,0.7546962772043463,0.2750983688606016,0.3776537707985604,1.0756352816832873
ELF1,-0.7170475908521455,-1.592499679660814,-0.6396559416180452,-1.293304052825625,0.2018287219165465,-1.045113263762526
ELF4,-1.1176504715570241,-0.6449512640613609,-0.016384682339999512,-0.8046290444483291,-0.7216473724590649,0.5090334397290903
ELK1,0.34573232042540175,-0.6008851260176877,-1.2894889716210367,0.7072907083645815,-1.3519525486563988,-0.6988887982302798
EP300,1.0708282583542417,-0.7850695391603397,1.2126619340523321,0.5466905406128731,1.4134657166734563,2.4942642789589535
EPAS1,-2.1809495050652488,-3.1331187501487943,0.3812092321125816,0.4313104066308321,0.35564959111763655,0.6719110545092969
ERF,1.1995201253108805,1.2675278800532157,-1.244977940248129,-0.21376557229401277,0.14649521936052573,-0.19835172333262036
ESR1,-0.17510184049802083,-1.9203577225402058,0.007421505233551925,-0.5703011548927693,0.414779285173187,0.550009931186134
ESR2,0.09047728445646003,0.9512597656995785,-0.07132010734843597,0.38333454988772586,0.6208539151120354,0.3076120325422107
ESRRA,-1.026564520865568,-0.33168777833407553,0.6751907925678529,-0.954297708003177,-0.9260783045685301,0.10327589832572547
ESRRG,-1.0090649630585073,0.016364306611476767,-0.3961574835601658,-0.3692939740268365,-0.47245464881579463,-0.1378412707025249
ETS1,-2.6639297176357823,-3.745191246063205,-0.7515166929205936,-0.7309542251870107,-1.8128592134229387,-1.6562991121646728
ETS2,-0.6834011894846453,-1.7984226605276206,0.459353462997948,1.2568904134616916,-0.9462096113106764,0.015639367171250383
EWSR1,0.5898902748801663,0.10056893285044421,0.6569947662845409,1.027749698809824,0.6359973739819302,1.0974767847317297
EZH2,-2.0808051528529816,-2.867472019083533,-2.5861860580534883,-2.527700303639146,-1.7004438134609174,-2.5334679936790816
FLI1,0.17466088004719044,-1.0346155070463428,1.1427480564927415,-0.12525901473613746,0.44799298721063474,0.5298830901247311
FOS,-0.4196117430092622,-2.6811663431733246,-1.9877849492636726,-1.6850147376408005,-1.0315034509724939,-0.3286351690417164
FOSL1,-0.6510703499081634,-0.29157738962783997,-0.40035442331160187,-0.25790954507170755,-0.46600401534017044,-0.9346585252701777
FOXA2,-0.0074975629779908326,-2.053822472859472,-0.79089959142332,-1.9487856074355991,0.009158683954929433,-1.6465787954427964
FOXL2,-2.155717354297557,-1.684654235172435,-0.046887847988253246,-1.0992055329142676,0.8793471142159073,-0.8091308025723675
FOXM1,-0.5130415658285766,-0.40296898779730667,-0.17629856093536844,-0.8945554136759964,0.4412983930379419,-0.6757108447203656
FOXN1,0.055497939056133205,-0.31266799718799404,0.679802056812644,-0.029015618186378846,0.5619329033868595,1.1398696503323773
FOXO1,-1.6082681170402742,-3.481434499557755,-0.47055734158708545,-2.5083559148509655,-1.2123505131455257,-0.8898987521215631
FOXO3,-1.3819551049855077,-1.5413272148480177,0.41928290278541513,1.2165675672943324,0.5587622276180979,0.5237334780492169
FOXO4,-0.9658783466592092,-0.7030127572981678,0.8273435691602794,-1.0088119452122652,0.04379949031936885,-0.5944868766960038
FOXP3,-2.5175069238433734,-3.1082665622127004,-2.2800384157329594,-3.426445793166153,-3.1067127753422787,-3.121988740630387
GABPA,-0.3880018677218006,0.018014854348333144,0.512534697946402,0.9788305856605725,-0.36105115337146876,-0.3206474534527498
GATA1,-0.8364792296775463,-2.9348981334220294,-3.051203445422155,-3.006012099864871,-3.8007547149245924,-2.136956994161026
GATA2,0.8806379068806264,0.3701888065968208,0.2738874720132537,-0.532537735686249,-1.3481896019570512,-0.29864259456808456
GATA3,-0.014191249477511733,-2.238757555004397,0.14281061969959408,-0.7551927611897035,-0.8590890312755882,-0.9770630587712504
GATA4,1.2793848008147501,0.6741783222011272,-0.053805961170065905,1.061970724736384,-0.7355266970685643,-1.3422655581293015
GATA6,-0.21424115122387463,-1.78953382711518,-0.497688060159035,-0.951816094509821,-2.6133600807367783,-1.506177132438637
GFI1,1.0010841566751107,0.4315843678949596,0.2237651016074129,0.42140107642722807,0.08669081512201181,0.4809758987460545
GLI1,0.7930001789110566,0.8775973523149133,-0.037316077526342334,-0.4303435924578492,0.18168294591937537,-0.49178520716055996
GLI2,0.4852483827832407,0.494772430253726,1.002917149351799,1.5700032947729956,2.3496919560256444,2.713348629905263
GLI3,0.5903531543935551,-0.9430476628628405,0.6459921070395693,0.9089000309237838,-0.8249331204961967,-0.08727289223472737
GRHL3,-1.3868343490568795,-0.9456431055538491,-0.09638719421823495,-0.3122509973946989,0.9448177928308377,-0.07414885002861078
GTF2I,0.746341347322422,0.7408133656665047,0.2992147881866863,0.16368245550894464,-0.19176932544751735,-0.39447577259356814
HBP1,-1.7893147894266146,-0.6278201197659209,-0.5441562701738821,-0.48804663849952795,-1.3024927457864464,0.3607131779443432
HDAC1,-1.0794498694908297,1.053302105302238,0.9757401225689182,2.592055121541598,0.5316725361679422,2.0758701755846505
HDAC9,0.7756925934020463,0.8733671884933792,1.6038252188898627,1.7908381956390342,1.319436462102353,1.26425343084155
HES1,-1.209827916316911,-1.3580498260116778,-0.646334708258539,-0.6075489091038435,-0.934697982966504,0.8605314929751422
HESX1,1.1414138882968612,-0.11479822152046229,-0.4505076563100786,0.9591864630791265,0.7264243709451023,1.0586262016096488
HHEX,0.5236155465400651,-0.216493418588107,0.17086989905063688,0.1905254675585636,0.07240429036900235,0.1977183431118477
HIC1,1.0613964684138761,-1.4331009270997446,-1.4642393538461704,-2.679224535509414,-0.9046081423131652,-0.4334852515476187
HIF1A,0.21090431581996033,-2.544751629776853,-0.2748743284187936,-0.15677267189117214,0.8016451264158916,1.0996976529977673
HINFP,-0.08560152286955731,0.16214514302226016,0.3783806472610846,-0.10713932920212146,0.021736225657256608,0.8128433243684439
HMGA1,-0.7508380508648177,-2.4153497891564584,-2.759439140976181,-1.0546815039950634,-1.7472941414986687,-2.7765653554750713
HMGA2,0.4180070317628389,-1.2434159761522503,-0.9782537713265141,-0.6203446171612058,0.3257215969310813,-0.772071509236183
HNF1A,2.883476865056679,1.400641588636074,1.6641821524994558,-0.03964494239084829,1.8648152611557203,0.6387062733299748
HNF4A,-0.12139940059344306,0.04577692336430991,-0.5072836936698727,-1.4554738129197051,-0.7761683604799973,0.7803339605399006
HOXA10,-0.3643877511718233,-1.1285690711846317,-2.459968766683823,-1.6884195377472964,-0.2164311444693256,-2.253987857006266
HOXA9,0.9684645298781095,-0.6371522432969295,0.4294906026368357,1.2711485418592274,1.7452884717887451,0.5930689011582141
HR,-1.3364622877298804,-2.7522759369992444,-0.7731150188251753,-2.1313291727977752,0.45093479758405597,-1.1843361104942562
HSF1,-0.6790760721740966,-1.5034822764307134,-1.4009190710184614,-2.0479156637183644,-0.5566473475416793,-1.5474400325863373
HSF2,-1.5957821591499115,-1.1544293626178688,-0.12445237068822686,-0.9703601748369756,0.28380657619259847,-0.13359374206061772
ID1,0.14899232745788843,0.2717514846839086,-0.7027346152665921,1.366115902742062,-0.34381462985195965,-0.3315057861779386
ID2,0.27605924928742814,-1.0626820586939798,1.0743935829471927,1.8715426161422664,0.33311250676599796,0.6024133438962841
IKZF1,0.9686465192627264,4.198881623903122,0.6182064737924925,0.13470392493841193,3.9111571033898245,4.177374928106502
IRF1,-9.810862599454815,-11.349606114179736,-11.136285973465714,-13.453009982886172,-17.502961008441567,-18.649547867574487
IRF2,-6.122195800338223,-9.092452111231427,-7.992081451456591,-8.437855452372936,-10.820590157639865,-13.010938116655575
IRF3,-3.8587047390578397,-4.0395156400996575,-5.577108846796646,-4.029905692640295,-4.059335168752697,-7.336015897502288
IRF4,-3.7240404761500927,-6.202416412882374,-5.8946775345813816,-6.043649631809815,-8.066318991892787,-8.232883181629958
IRF8,-1.0770700938266287,-3.766440413611611,-0.7200901322746043,-0.7978373845888966,-0.33218498891296055,-1.8209992858424973
JDP2,0.8473459331529842,0.29716116681544963,-0.14042058783656516,1.4192670998763883,1.0946916949255159,0.8305266517603505
JUN,-0.03342394798190833,-2.1118418867651854,-1.0239519493724647,-1.2956299662571384,-0.5801387532395283,-1.3190412108663063
JUNB,-0.9973442608386179,-1.465807946125739,0.15033215616603265,-0.7005130571842947,-0.8706922770224037,-1.2685252057066023
JUND,-1.5801939887598657,-1.8415018047673806,-1.2331739898967524,-1.9199816486973729,-0.9136228930915248,-0.6722304016700078
KAT2B,0.8894494719963586,2.2716641138449294,-0.04151393647965928,0.8530141502778547,0.4097819413443355,0.4409272153661868
KAT5,0.5141576228320028,1.2491295592999778,0.36543189609062193,1.9041722682246458,0.28756314999380445,1.3388647924107708
KAT7,-0.611090283728263,-1.5831533351633678,-1.2676175456526642,-1.325160371545728,-1.7772994003692075,-2.3082139264587265
KDM5B,0.910746083995022,1.1514625203484279,0.28492259858488606,3.1765701688699424,0.8531545255762295,0.3063896347385875
KDM5C,1.5449529639340822,0.2129977956605843,0.436638432230099,-0.24039611915676204,-0.18570286198694372,-1.0076301798443235
KLF2,0.21577357001705133,0.15292762174252167,0.459491127639137,0.32133952807924177,0.1627981820870503,-2.110392667178016
KLF4,0.3657009769826772,0.616837270893946,-0.1978067047997882,-0.37905429183407985,-1.0050320111367943,0.34654578019439036
KLF5,0.9538146116857217,-0.8624025919000748,-0.26560588577780925,-1.0047519282726842,0.6235706534004627,0.1329653749010019
KLF6,-2.5380503116401023,-1.8602862711299184,-1.4364771104196832,-3.153354933504667,-1.8800661526729265,-4.166303676209449
KLF8,-0.09176233250626095,-0.6429291332859037,0.8287337708493121,0.9431596030008577,-0.46158708554546307,-0.4536047444735194
KMT2A,0.17587118893884326,-0.9198343897275598,-1.0034579671208228,-0.4724890560901619,-2.4556182812295946,-0.6498012655290029
LEF1,0.8616797403928873,1.7210820306423862,1.2467123422664372,1.1423699027365721,0.19865666533541293,0.3161912790976966
LITAF,0.29998716523678043,-0.387509465422564,-0.376060690585525,0.22421464004179203,0.1595180868249323,0.5264242582536052
MAF,-0.3758857006739146,-0.8314795315479878,-0.6366526481940723,-0.8630499370803709,-0.3454619398277492,-1.4449926622252542
MAFB,0.058875976114432294,0.05440571211455516,1.133441411663423,1.4318590448789668,1.0087943010577265,0.6545857675078532
MAX,-1.0930001193993433,-1.1732457500648843,0.03809151118910945,-0.8537087648486631,-0.3827736313222006,-0.25938748762145686
MBD2,0.054246977801695635,0.3089121076078916,1.292344806704316,0.6677556002105298,0.9240024065309573,0.3787360471095722
MEF2A,-0.2740912783800045,-0.10891733501311959,-1.3803359198179879,-0.8791027000910516,-1.4984637322397265,-0.9431058304745172
MEF2C,-0.9258202444989224,-0.7227829740058344,0.26886061582134496,0.3972599425475023,-0.08369901141986474,0.1399531504438133
MEF2D,0.6176349535457095,1.6708029470515708,0.0076660278862608275,0.5823348210535975,0.2840879174088937,0.7863871253591584
MITF,0.683416326305704,-1.1404314286825146,-1.2468301529593966,0.11240597565857625,0.19735865278274545,-0.24117230249559587
MLXIPL,1.8381693955760332,0.7949821106603058,-0.4195635711703089,-1.6372495210009932,-0.00024945293862821746,-0.35564342462126347
MTA1,0.061424512662948925,-0.9450625578709705,-0.8136738395897741,1.1439427168741128,-0.2634290724446422,0.9964022952770122
MTA3,0.8435564086962104,-0.9727450001607091,1.2034458876101914,1.1404446554401166,0.4107457488821002,1.5580289201328108
MTF1,0.5412343632619988,-0.570160043302121,-0.4094587813712026,-0.9179474762512636,-0.6593425489383955,-1.1962310729743488
MXD1,-0.28560769527140517,-0.28085274413436884,-0.8394878333558962,-0.15418220261761992,0.16296105055357354,-1.0601702872615282
MYB,0.08537492845979204,-1.1555721568297175,0.56038329796914,-0.6167145552938622,-0.6690222051310157,-2.6617449759073564
MYBL2,1.0987853836519315,-0.37852585815966916,0.7879519014692564,-0.6756844442269451,1.110832904390533,0.9094645661005318
MYC,1.204020654151664,1.6195143426804142,-1.3544170582628734,-1.0223878970377174,-1.825098407941831,1.6882188874586614
MYCN,-0.7876633453979265,1.3700747840616012,-0.04362748231875911,-1.1571384092916719,-0.9615978565850333,-0.14333887840988466
MYOD1,-0.4036285499964037,-0.7244710656842904,0.439575447541542,0.46478196565286606,-0.9471599856252823,-1.3378196842109658
MYOG,1.1112817173525753,0.14230557193213222,0.15213649211792657,1.0405967832814604,0.6205755585233137,0.8458658841603863
MZF1,-1.047409025194915,-0.45802015526259043,1.5235036982242938,-0.5036505825510814,1.0606122470391361,-0.9541119732820724
NANOG,-0.9284595959303212,-0.1395287015231633,0.5129759412435778,-1.2401410381031763,0.03836127809774649,1.008136435131255
NCOA1,-1.3538439730248626,-1.5613704495971432,2.139090256101223,0.4616108956563302,0.2197580103945186,0.1878237340951938
NCOA2,0.5065336542548974,-0.05859600790554159,0.7794001675105964,0.8513644461781762,0.28053872488573406,0.29528999162970476
NCOA3,0.5167080187626679,-0.3533293448647802,1.7880233052581744,-0.5369508710130527,0.21991353825200288,0.33532732540621774
NCOR1,0.41566229218108874,-0.12082621449927405,1.1759470557409377,0.4111769773183407,1.3710595906377483,-0.4531829319849823
NCOR2,-0.3335761074778022,-0.6333564467860395,2.2926712395052626,-0.3539073515405168,1.3850659353551442,-0.09294586550174573
NEUROD1,-1.9086053507305305,-1.077338658089609,0.30642580300892996,-1.1069534733873283,0.04091043125677665,0.03163844337695885
NFAT5,0.15212089684712765,1.2522135802086176,-0.1699453231440261,0.48801954842589695,0.2739165100564514,-0.8841216629526483
NFATC1,-0.9799739877678519,-0.9119688234731146,0.5628547818527795,1.108403301309543,-0.7073844787674372,0.8058143870039877
NFATC2,-1.1926047865754899,-0.864787660511591,-0.2620261457170431,-1.449048958570487,-0.8288762747579176,-0.5141214310325682
NFATC4,0.32272420098306986,-0.3088994513924949,-0.356681088677433,1.0658836105426222,1.6231450065888848,-0.15692556576565436
NFE2L2,-1.797523023055761,-1.5317827704146076,0.8057288121442566,-1.0593065417803778,-0.46833187417143635,-0.710730374117647
NFIA,-1.3322788434082815,-0.4631171337762455,-2.160807298943985,-1.5813880095971216,-0.842035622292924,-2.5635978747730617
NFIC,-0.024235671529578135,-1.0139051922250308,0.4877144694668543,-1.8184280195914269,-1.2324886002815263,-0.6299677230872517
NFKB,-2.229987618270888,-3.3313190348251336,-2.670400472088664,-3.0958487655411706,-3.3357108795468635,-3.15467411047117
NFKB1,-7.485664737831428,-7.395510093846681,-7.685635340312025,-8.388609339708,-10.260554565716545,-11.954320090451226
NFKB2,-2.329818544383645,-0.9853677556918744,-2.804947700321799,-3.421206785744631,-4.72700476895887,-5.474448103447213
NFKBIB,-2.6172724914752252,-1.6222878391485704,1.1976291422029441,-2.2787092589174343,0.1342600597298612,-0.793074459844205
NFYA,1.892607926428674,-1.5894069078526087,-1.9658241110160815,-3.4129054908057066,-1.3098062259301482,-2.8822118152468996
NKX2-1,-0.24908763451023186,-1.1500902622970166,0.6693318212913341,-1.9278772889833335,0.5433617396769019,-0.5875966220158472
NKX2-5,-0.7984444178974617,-0.9589542608939159,-0.06521714516116063,0.29874416192279113,0.5151158933270384,-0.28789155856758125
NKX3-1,-0.5185160546208193,-2.58488310509723,-2.1152050548479497,-0.05859091024510223,-1.3303175922555601,-0.3541562431599353
NOTCH1,-1.252805476371668,-0.14547716498522875,0.2348119041522739,-0.0039652041251493735,-0.3713809329401224,0.3743150525229078
NPM1,-0.23808033031337592,-0.026527891883834052,0.24378781392558957,-0.0950587581242553,-0.05333570051969265,0.1285358800139245
NR0B1,-0.5876699475746952,0.10671858732266205,0.32162274853705125,0.9177258846245747,-0.05329023628210172,-0.17367741579606347
NR0B2,-0.05078620287130065,0.1113010476220079,-0.5548084311199964,0.572516480997881,-0.22454223861501382,0.5664527882078573
NR1H2,3.005593310052966,0.3733473240867188,-0.6095393411891402,-1.4054617777558853,-0.06919307981558132,1.090778389186779
NR1H3,3.6136671109973375,0.38256892498764433,-1.3851872197375377,-1.2919851588869828,0.11553437136502703,0.028026883328729442
NR1H4,-1.547904440770035,-0.8687983738287582,-2.5012374213868362,-1.5847877080216286,-1.4255960652165676,-0.9370906082188729
NR1I2,0.08219210973953582,-0.8041219073295703,1.7072096989584462,0.6488597191870179,0.8333322595440844,1.9754452652099042
NR1I3,-1.6680494880632013,1.1086025591895752,0.17668838246376795,-0.003751205757236246,-1.3289244195980778,-0.8292348155924796
NR2C2,-1.0351812587649671,0.010858603876636477,-1.0119512880819947,-0.4408055565390872,0.5883720543265304,-0.5577112912317246
NR2E1,-0.22455079941284123,1.2937524143469685,1.1433678864866934,0.8168430832756531,0.17183559315526,0.20710735108268813
NR2F1,-1.1084364856888544,-1.8366418937979627,-0.4978172133114996,-0.5259341062055796,1.0262410951096117,-0.6490062531395339
NR2F2,-4.620201025692972,-1.0787770573082585,0.4277101402383478,0.4296845810563293,-0.15213325785383935,-0.5924828583100054
NR3C1,1.2653315896983357,-0.09730278748030262,1.1651185194224594,1.6386466334099954,1.9892586103697165,1.3605195703032475
NR3C2,0.9306962959682448,-0.3469543343808211,-0.25889984734180527,-0.1230837005822491,1.140967161593418,-0.03338179551336769
NR4A1,-1.1273570096162946,-0.8407135332578161,0.02481921630695705,-2.3505960480216697,0.6961542818378907,0.9223273179583901
NR5A1,0.4164153079219904,0.924446489094166,0.5530676117943579,-0.15623401292436506,-0.36181170734691315,0.8886395888777227
NR5A2,2.0739341460489147,2.286638190529967,-0.19198957019885263,0.3235636441044453,0.028025695645864653,1.1771996205071256
NRF1,-2.137385603997633,-1.4063588771799387,-0.18392527171147482,-2.4779054582076045,-0.17487096987415465,-0.7329019194835594
NRG1,0.8426150684980112,-0.7311439952282863,1.0211714167668464,0.7365062595889759,-0.41632687646300415,0.110979275695375
PAX3,-1.2667555434059248,-2.0392736467754853,0.5448270506678223,-0.6459969075700345,-0.29850287529726877,1.052604187953844
PAX5,-0.5325544942835895,-0.32202387421596607,-0.39462110620524304,-0.5691911582289542,0.004148693064477616,-0.6684590323129397
PAX6,0.3785820835320785,-1.3741029128565125,0.18115125760800513,-0.31079497056440786,0.14324409420129278,0.5531324135397201
PBX1,0.7928258102299566,-0.2327096539299212,0.09754248779039483,1.4587075329469443,0.16447786631494252,0.16761404916597153
PDX1,-0.09120679924833545,-1.732744306506331,1.1897963837837346,-0.8638798093145503,-0.15215474986448302,-0.4103350051319948
PGR,0.9517267143037206,-3.0212540967573642,1.62067683932301,1.0963651104118215,0.1877893572886291,0.8861414273502953
PITX2,1.8408454534229521,0.1521878891269157,0.36065276765829685,0.8531562233549774,1.713455945525895,2.114297528082074
POU1F1,-0.5428532223673839,-0.7823713699289959,0.3698167977972592,-1.7307740592286556,-0.11742294925589107,-0.1792141411021369
POU2F1,1.0980819890713098,0.2623416100366604,-1.5615481260786888,-1.8177451783786776,1.3516342263834953,-0.19801518162245427
POU3F2,-1.1961992783579523,-2.333283563381217,-1.020646409371886,-2.0466630889563096,-3.714906680223484,-2.820542444608655
POU4F1,0.6463875469139417,-0.7914076405869849,0.07555240811464302,1.0245517678476066,0.22940139678896085,0.02244288480572902
POU4F2,0.9113573429863789,0.17007107458552984,-0.6106447757275498,-0.9435873389002312,-0.378939020674752,-0.24914219676571775
POU5F1,0.27842553715950175,0.5286801531286678,1.0026794618615102,-0.6654844229268992,0.8976053017046948,-0.15177713299432416
PPARA,-1.6139640822639552,-0.4644908781757671,-1.9639363257684197,-3.1317695700054946,-1.4230518224176465,-1.9178417674863404
PPARD,-4.6555125745402455,-2.7117037788548446,-0.4257844661878138,-1.9628461126334482,-0.2869342123877352,-1.5247727241835853
PPARG,-1.4940790484308197,-2.048812937978065,-0.9018108950879544,-2.700195597333645,-2.361374051428074,-1.983842109899856
PPARGC1A,-0.7116540015949647,-0.9552853630206225,0.6389249178724389,-0.8660574745226365,0.7912047009727351,-0.6211957044569327
PRDM1,-1.6138880522906296,-2.1776628244155383,-2.312260942084531,-3.065165748167298,-3.2077727208720366,-3.41253936256446
RARA,-1.4764002314079196,-1.1200373914925288,1.0539184465766336,-0.1325005150400078,0.7771980028858889,0.8369266299256662
RARB,0.41095127613905935,-0.6726656857339174,0.18242272355186598,0.01743349200389063,0.477648408363838,0.42580283529547097
RB1,-1.034110127278299,-0.32230883131172705,0.6625688356384682,0.7330659744670439,-0.3562850759848987,1.0254815821904186
RBPJ,-2.0658048755909593,-0.3161180607452313,-0.3669757928108801,-0.31252646502787984,-0.05497249085356723,-0.34581018454523327
RCOR2,-1.7533603463281608,-0.5299808576349612,-1.7707929814319483,-1.7063536250270157,-3.4643776297073554,-2.4209366579433342
REL,-2.294750236915003,-0.8607400485121645,1.7573093426488064,-0.09440173347053665,0.1755922182935253,1.0379810165814056
RELA,-6.632739533738018,-5.88696930933983,-5.363316378256329,-6.254695554803974,-8.77231055068184,-9.139095822951335
RELB,-1.3887675348332238,-1.2975216143146782,0.9412699795902424,0.5271229230009792,0.027401888430164664,-1.310870737989989
REST,0.3940964487113794,0.7190672369623606,1.8672881429653645,1.4224680882428604,3.479499945913675,3.535344206306304
RORA,0.6198683463636501,-0.8002272144008746,0.6699085935087145,-0.5534266605433047,1.0220452686157453,0.11287042930125014
RUNX1,-2.38223799468604,-2.57514189898997,-3.715511999049591,-1.167136215323728,-2.5520943900406716,-2.5356438554396723
RUNX2,0.8849199607025665,0.19413811233076514,0.23485931367240556,1.653359636212383,0.8359699062334672,0.38697295263658943
RUNX3,1.2319392622549448,-1.9835133554498365,0.3730239779613776,0.4492297621272316,-0.36178586394500206,-0.05305226445554423
RXRA,-0.08327345380327576,0.17277663063792206,0.49660890708316313,-0.03675040053536158,0.368209594139283,0.8503783938416106
SATB1,0.7099739672931565,0.23991480234899698,0.358880479373265,0.23356552816684062,0.1786732271726956,-0.008039625509919742
SFPQ,1.0541391080901918,-0.9063515816736099,1.3017090708544024,-0.5901261423733467,-0.09823752452319603,0.43641532190723953
SIRT1,-2.6292567254320396,-3.0821392186018604,-0.4752568657570633,-2.2386300752390413,-0.03273628324735793,-1.018383311001588
SMAD1,0.4887433861024085,0.12944971221797458,0.501621772172571,-0.18609054180795173,-0.5164082935849454,-0.2004835346360295
SMAD3,-0.9553062397280067,0.2185089384020433,1.18846602829947,0.9694843749473898,-0.4923907314006349,0.24668177755874277
SMAD4,-0.04151291372236517,1.2594396783143504,-0.15668086646784965,-0.14996298439122935,0.7321037201329929,-0.6650128842847061
SMAD7,-0.28748999459067226,-0.8618111849275168,-0.7934551556092295,0.05856433461324716,-0.11473285515113821,-0.703677775425656
SMARCA1,1.3988216919489214,0.09188210352365941,0.13829861383419662,-0.22131929766742447,0.5391267053074719,-0.5968408779003309
SMARCC1,1.5476416177095231,-0.01395680369532502,-0.5969655860677529,0.41413800008953844,-0.3444352162975769,0.43385638458379916
SNAI1,0.09539900150730309,-1.4006245032114997,-0.9425325577457839,0.11808000269964682,-0.6408947790308069,1.1430116924067966
SNAI2,-0.8997398400946538,-2.1346466533792308,-2.061208942785028,-2.221691204899725,-4.0596302988446125,-2.687895530108738
SOX17,1.5795001545073128,1.1501902534262716,2.1793771702670366,0.504260012334212,0.6826748841399667,0.19867182434815212
SOX2,-0.7172488140055161,-1.0567021553494715,0.28930183947231775,0.29725990249915457,0.3081336881908146,0.3654356496943897
SOX4,-0.07685702459304623,0.0942107276343077,0.0638599079502498,0.9665538785649482,0.7731936179823977,0.43463688318943666
SOX9,-0.5475634270958847,-0.6301684799489371,0.5270777640247833,0.649151316648895,-0.6727824424293376,0.34625827726381414
SP1,0.9182577651820163,-0.9618720150076039,-0.48996868068965954,-0.6964776351802816,-0.2772660817258638,0.3829404515965857
SP2,1.5145788816420562,2.217724993663275,0.5752746121871957,-0.15895743120885877,0.6660341478181611,0.22426799791972232
SP3,-1.8562284269275975,-2.138372748460479,-0.1153808065242737,-2.236165417396158,-0.8315141352677345,-0.4424285698924407
SP4,-1.5233532401997403,0.05583191778746563,0.881626412723481,0.12190357873605977,-0.40872949163951056,0.32757658381308796
SPI1,-2.4033550828175274,-4.917636841486384,-3.361577014624508,-4.629490194671984,-3.8976310079584433,-4.185120579263521
SREBF1,2.932768322972794,-0.20778096775240282,-0.9829143730006829,-2.541559946064658,0.9355887791389677,0.18791239837300125
SREBF2,5.598932385319128,0.22280797048765663,-1.2964530536755,-2.0852767368588982,-1.0257646608606998,0.6496073195179658
SRF,0.6864962456699757,-1.855886920993623,-2.035714132761757,0.4434127912250727,-1.9894541209450118,0.7586101582689769
SRSF2,-0.05319482847029039,0.2669849970698918,-1.0397966373785335,-0.6212061523203801,0.4829363976146884,1.0528703623574494
SRY,-0.11007811153157837,-0.37154843788563263,-0.9329598150657723,0.07134058261950071,0.08140170106591699,0.21423237028774544
SSRP1,0.4276905417372653,-1.3881845683553533,-0.9734849034751947,-0.09008620117379798,-0.746836518634425,-0.6317390698542523
STAT1,-8.64122056968684,-9.806832484556988,-9.940882286549721,-11.170573649818687,-11.063212074615231,-10.092206655343087
STAT2,-7.56752830634812,-8.41105022722355,-8.72795254841447,-10.428479868471443,-11.83813395159811,-13.04413673780942
STAT3,-3.4757349080398168,-4.497893778311292,-4.223308834032496,-3.94832854935983,-3.5869386012937516,-4.183440502896365
STAT5A,-0.3536300067211428,-2.7795571069386624,-1.7213584053150783,-2.285831133725896,0.3872243406671685,0.7065547074030819
STAT5B,1.4305302300273486,0.21632167054063947,-0.05957840828138055,-0.4757316794848824,2.2761564037949897,3.601355483183879
STAT6,-1.373856424939756,-3.3707368728606744,-0.22318907576598127,-0.959350488234223,-0.7851663287908595,-0.5676769566564817
TAF1,0.9745391267699982,-1.1318254816231033,-0.07295373991848153,0.26051605747955553,-0.5709242104593609,1.0525041119932907
TAL1,0.8730627388413733,0.721734915050392,0.6985850403574634,1.9070005999658832,0.08187699091897149,0.3553793812309449
TBP,-1.6388418027047742,0.4177462879551038,1.097884277904527,-0.3326355659936284,1.049485136791027,0.41568145980911647
TBPL1,-0.05397578240482723,1.030224424520177,1.8578216977689372,0.7524633453020414,0.7383329084895757,0.42095770115780323
TBX15,0.7848179739448454,-0.5378951184555865,1.9419269033061963,-0.590577118274174,1.71023740689738,0.41501851582030647
TBX21,-0.5060352855792766,-1.1546376165231664,-0.4905124591103334,-0.742811006705272,-1.6926847036067765,-2.7515017015057426
TCF12,-1.131599977929673,-0.32052446139144813,1.5100975143012856,0.6628456472952556,0.6103747120517385,0.22063796951083797
TCF3,-2.078962186369714,-3.354374383035809,-0.5157804062521504,-3.3603770904064074,0.39377153903283246,1.464592887018104
TCF4,1.6110657535667534,1.3250453532664972,1.689610940230511,1.6261727103561132,-0.2897514814049327,0.1232578507559035
TCF7L2,1.0400583907805876,-0.8430682437034733,-0.17180354285927957,0.3810339990433431,-0.2398517439060987,-1.0596088076032537
TFAM,-0.4562160704618345,0.3563241203043395,0.2359459599510058,1.0873094058039074,-0.870353999854876,-0.906301770863952
TFAP2A,2.1549879938256287,1.182319520744623,0.3899020418407938,1.8228008952177581,0.2693106517343565,-0.3984959283753961
TFAP4,0.536656636646328,0.6260515671310317,1.0565880047476257,0.7963320236336691,0.4459636056727713,-0.6706599301342494
TFCP2,0.7952027826320336,0.9388676858661869,0.8990477597792339,0.3497304576037919,0.47507013427443756,0.6872069112658113
TFDP1,-0.03341639513700917,-0.3458186526664797,1.6737552724454035,-0.09919649475135119,0.10480386341715006,0.7828374053412179
THRA,0.2080465755125441,-0.38123399573736483,0.2644315827965226,0.06787567181717245,0.26083185858736274,-1.000482247585684
THRB,0.199271760132891,-1.2927441894972715,-1.4320886821881718,-0.21565894595133472,-0.23095328547205074,0.38531103828822577
TP53,-0.6442310526742678,-1.5191285910989212,-0.9080101894097646,-1.8134152311863296,-3.195298555699272,-2.144013789276388
TP63,-1.3258768732092543,-0.6581371209680329,2.798191673005637,0.6701230737226817,0.7629303547051264,1.9967336941096434
TP73,1.9634043242480783,0.44980882957397994,0.18529178348298145,0.5111889227899986,1.0193329718198227,1.7010338364658226
TTF1,0.14680500413620964,-0.6835115309366924,0.035523404185726734,-0.44058667736859447,0.1571682002553043,0.8959300754911935
TWIST1,0.02067660429402972,-1.8414671186665064,-0.9116425679272134,-1.2606376413028746,0.279952691321644,0.30705411075087274
TWIST2,0.3745282797435731,0.2443118958859261,-1.1755419534040379,-0.5437313017853648,0.855076334283462,-0.0267665742484282
USF1,0.6423308833434275,-0.31546611896948085,-0.8231118370537613,-1.7453243609009919,-0.49209217571145736,-1.9327351303912377
USF2,-0.42340705027723224,-0.936874384311523,-1.0528051619632484,-0.7464601311092062,-0.36981339903148613,-1.916101761359881
VDR,0.2861662077965639,-0.3301083466256026,-0.04120936208060569,-0.15969192291994272,0.3309007345339996,0.6259341969342989
VSX2,0.7220445160151922,0.0761713286545874,0.3869675804413147,0.5711888027327408,0.5428031002849647,0.649287668473449
WT1,-1.2871673861621333,-1.5975847967959516,-0.14313379569587878,-0.9133770627339075,-0.521830362498227,-0.40735108644292384
XBP1,-1.1582036076800384,-2.8934688307185796,-1.4112772245699752,-3.474424701239089,-0.33293852081620623,-1.3071853154531854
YBX1,0.36592380680849385,-1.9457083932948542,-1.9682919766527678,-1.463078952659568,-2.20192965760573,-0.7741757628349082
YBX3,-0.41952533943744097,-0.798157531779323,0.07294728676568223,-1.2329336976505052,-0.1703633717596149,-1.3851238459410127
YY1,1.1608607713328811,-0.04001479525946638,1.9110321486896287,1.3597057920543407,0.9873219495344382,0.3795603974379317
ZBED1,-0.2713714409509552,0.022662871341076175,-0.7458993355261663,-0.7870545698437884,0.3275129970347053,1.2322969086279048
ZBTB16,-1.6672711766842634,-1.4011587185865624,0.87257659920046,-0.46455155166071677,-0.16514125326273188,-0.5780642272214122
ZBTB17,0.4927960626729129,-0.16053474726648817,-0.08616549119320475,-0.07171055822498673,0.5677027049827561,0.10148676442269253
ZBTB4,0.7324728590164339,0.8991472049087592,-1.459986877514442,-0.24849649261223297,-0.03250692263349392,1.5473986983524621
ZBTB7A,1.2664100169331105,-0.5460149837219511,1.7619205077156566,0.11956922557209561,0.38558277179201156,0.5542468627545916
ZEB1,-0.4270735112939426,-0.10087045298472486,-0.16480242403070514,-0.3372896511660248,-0.529754081389605,0.497558504616075
ZFPM1,0.0669895498893289,-0.41456017971561054,1.6446585126818543,-0.708092801284733,-0.3876502738357275,0.16568336069605885
ZGLP1,-1.086527340096857,-0.9913403535237001,0.13986427872511104,1.2218771282537708,-0.24822267741644485,0.20484030579128318
ZNF143,-0.7710899125979005,-0.6184271287410954,-0.21113297781964838,0.05456509334454061,0.7737997324696635,0.6031863750714463
ZNF148,-0.6967540721048522,-1.7706102611731667,-1.8728288914080995,-3.0438375811217564,-2.41473620387155,-3.1734567611653257
ZNF331,-0.24870148808968892,-0.11728435857796088,-1.103057264472988,-0.5104807983856876,-0.9256709472039245,-0.7189104702507474
ZNF699,1.1695471122569157,-1.2056220845033436,0.37010488842087785,0.7451695856965369,1.9991513528989862,0.19281985718917843
ZNF91,-1.999389347385659,-1.5744532361886723,-2.4580457200847206,-2.2048751470018555,-3.263192710822999,-2.7191569324183194
