,log2FC_A549,log2FC_BXPC3,log2FC_HAP1,log2FC_HT29,log2FC_K562,log2FC_MCF7
AHR,0.7449282599933269,1.3359035866198905,-0.05447007862388858,1.1988628825010461,0.03628856834605505,0.7220292737390503
AP1,0.2976044765809363,0.8991414929032719,0.2448902490140648,-2.073580355119165,-1.173908709109873,1.5784128835524796
APEX1,-0.5542765901596549,1.9081274225833396,-2.0493940739683976,-0.4418590800991216,-2.1793607478177317,1.3548475930636954
AR,0.06787224717117406,-1.472232575856948,-0.16055087400590443,-0.19201076369559783,0.8183220664383316,0.6723872464580831
ARNT,0.879389927391415,0.7827573569255232,-0.1503052669064311,0.09596839041719492,0.593118590433846,0.7991760214455483
ASCL1,-2.4112468424847364,1.9676392314254063,-0.27397422712299613,-1.8148014121243652,0.7884068365156472,0.2555780473604683
ATF1,-1.5270238250280808,0.517174305392892,-0.2126175389954649,-1.0726166367402992,1.0959388673941584,-1.9574497187022808
ATF2,0.6962681091467565,-0.7904573969809834,-0.055774810270287585,-0.6397762122410402,0.41857152902538747,0.021787278133959358
ATF3,-3.425126154694862,-0.14703643062526892,-0.18702183451089646,-1.9059840057486654,-2.8432500999569834,-1.9844551599988516
ATF4,-1.6569003653401688,-0.3829424205938685,-1.6243282101342718,-4.817502458110242,-0.7487228822709419,-3.1039530448879624
ATF5,-0.2709707656843276,0.17271641814869862,-0.7818315012265351,-0.1596943409386454,0.722050612642276,0.08156808720793025
ATF6,-0.8258767778273064,0.6630769990235199,0.4426637543864384,-0.8123032506796652,1.1298098022577725,-0.5912257938453945
BCL3,1.6471515481110925,0.07793596526488142,1.2598527274428324,1.7497889189851168,2.1590711059813206,1.3191263718791943
BCL6,-0.08791016723554632,0.4139386998831574,1.5426994237725695,2.085785484036904,2.2344929893294188,1.3787139206073693
BCLAF1,-0.06722996134886719,-1.8691838045469849,-1.0876032356698189,-0.9552575170073596,0.5474072603515793,-0.39704910388324405
BHLHE40,0.5063392839124153,-0.6415146713889777,-2.386236613775139,1.8320125095978177,-0.10829187065727146,2.4699869454821393
BHLHE41,-0.42839124370656323,0.03895962384291101,0.27088087753531687,-0.7545603724784934,0.5232602525289617,1.1911529627750974
BMAL1,-1.7057237969850623,-1.2292857477987567,-0.1187011763949778,-2.5508105810664894,-2.1657198231534203,-1.8127579956971565
BRCA1,-2.314415730252096,0.12886923508908893,0.6661898565378468,-4.067617241307326,-1.7892191331147183,-0.39768997576079484
CDX2,0.4654164692724532,0.5177499014098179,0.029916340489488776,0.49528260376801003,1.7507733923387427,0.2764669156475478
CEBPA,-1.4392256199584255,0.7269774580784167,-2.081300301591772,-1.1745623309957185,0.6272554661905904,-0.135578793472574
CEBPB,-1.6746970591977137,0.6138910021903617,0.6901997744363574,-0.603491200680738,1.0807257354841646,1.7303585131240873
CEBPD,-1.3447248176282776,-3.061354326727975,-0.8646153042219477,-0.7762679390715694,0.9763849810478862,0.5909055027062495
CEBPE,-0.3426638298609339,-0.9715216317009875,0.44580107130571317,0.668812418983771,1.179775086925748,0.9046791797060562
CEBPG,-2.1008161960992515,0.3349426051602395,-1.6278188819080204,-1.0816232710730769,1.5931634015395901,-0.5721674083977436
CIITA,0.09996309255442329,-0.15426488054394702,1.0403500318761263,-1.7610512833976748,-2.6564823836265354,-0.8417302995664625
CLOCK,-1.4688283494169996,-1.153908121632501,0.7650118960312543,-3.0054043090513716,-0.7749672277175013,-1.5762325399633124
CREB1,-0.8416606156485535,1.3261741288719548,0.49439259662961554,-4.000105662200279,-0.15883011018094323,-1.1714861369110703
CREBBP,-2.124711456142771,-0.030100752319774535,0.2009798833655944,-2.193182545696135,-0.7991912889527801,0.7152759425606944
CREBZF,0.3616010578070107,0.13470347740527358,2.0750100115570884,-0.8751888100066579,1.0978943659472864,0.2826700621980913
CREM,0.14148235920574934,-0.6372790863739449,-0.11181730127200351,1.3770313351070298,-0.5120933236985269,0.36193100887067214
CRX,-1.4465055142458045,0.6633347344264806,-0.060309228372631286,-1.6556334183251473,-2.233653449661732,0.9803767287124888
CTCF,-0.895485485860335,-0.8076994682111854,1.393915104807988,-1.4974524503007167,0.4638009427691668,1.313086015519629
CTCFL,-0.011014586502895513,0.9622258176072621,-1.952131896638937,0.6689256547040846,-0.9468268211191021,0.4968700929120226
CTNNB1,1.158754457762226,-1.1336800063694483,1.8134504095094477,1.5405263587122087,0.26922475642970195,1.1416123763737813
CUX1,0.258696405863731,2.7029986824674426,0.4718470130499725,-0.1813452438162826,-1.2723822762974049,2.122442566815206
DBP,0.19907175453597448,0.6781508449810115,-0.04233930153120999,0.09405787345099657,0.5114763774850789,0.5987290767001946
DDIT3,-0.8532766163963914,-2.220592805253033,-0.33569531993566615,-2.880647939591939,0.07269303674620783,-1.974013609917497
DLX4,-1.642992987752018,-1.0972370522932473,0.5895100577034128,-0.2776664579007402,-0.3744501982464299,-1.8772184848781517
DNMT1,-0.7620763202958195,1.570445529612404,-3.056848030249711,-3.019111946233219,-0.754473431436371,-0.09112736128751178
DNMT3A,-0.5344206303225699,0.005829618608068171,-1.1019936165279482,0.2847181964388658,0.7698299760029498,0.4677775411994026
DNMT3B,0.05395693695864036,1.2341353663274535,-1.6735068330441318,-0.11373786635956315,-2.841430653842721,0.12501402017594282
E2F1,0.786591725754816,5.638253015581257,1.1655001444719573,-0.9187756282423395,1.4967696738957006,6.662012491523445
E2F2,-0.5698209903240096,2.045335143507865,-0.6856027331982584,-1.2215693442643256,-0.13205481378976827,1.4322050712466905
E2F3,0.7921925515920097,4.356277856113778,-0.10213024347810488,-0.7228327892255074,1.4412064358827326,4.104751736342411
E2F4,1.7343657551456715,6.637993285475503,-1.4383007221449415,0.2045894748923952,1.6273793844408437,6.860201480181656
E2F6,0.378271652481398,1.4265153986180537,0.9736711719968889,-0.18976275571369378,0.08118770579220136,0.18630065534236043
EGR1,-0.5121348676377421,-0.09116147749331441,-0.16404592106770002,-0.15565096618424182,-1.2839092640593592,0.5325132470267853
EGR2,-1.138922630884451,0.45615298809892363,0.4955495268276088,0.12324448553792888,-0.2379436988417465,-1.3925231834419052
ELF1,-2.2853626368655937,-0.9174546951660689,-1.6364746644667572,-2.3285552664322955,-2.5186672534578287,-0.2975939157415206
ELF4,-3.2679438501500333,-0.2243462676397931,0.6909085894316168,-1.2929063333450759,-0.1887054233744953,-2.615526784105384
ELK1,-0.4196162329625652,0.8231727649296526,0.604446571534253,0.12594628712182995,-0.041059061759162824,-0.4063507617907818
ENO1,0.2719847565367964,-0.4041838867967598,0.8426233885894532,0.907699639070301,0.4857595548741982,0.04314468050892553
EP300,0.4954326161468396,0.3653110056911977,2.1232957405922845,0.8508725944126956,-0.6472564670914233,1.0958977765779958
EPAS1,-1.1087079833647413,-0.4628373508084541,0.7711362870091404,-0.5882725163285385,0.5896816716851038,-2.8344042433443115
ERF,0.40415509671896466,-0.2481410576061069,1.2226537357370093,-1.0816980624461918,-0.8985321700023944,0.006584055636644579
ESR1,-1.5319008630670732,1.2755402904279265,0.09385123810667016,-0.6454827330633867,-2.0440167951226726,0.9701959847901868
ESR2,-0.45284221160512866,-1.8149458890062633,-1.9347937016685517,-0.7934839619837422,-1.7557979659841034,-2.1841540338560153
ESRRA,-0.3669536040658693,-0.5711194830571725,-1.279845507317028,-0.9440169579018207,1.3310598374859401,0.1856376422554827
ESRRG,0.07292767446202233,-0.6970870908864998,2.265305500818475,0.5821374588249364,-0.5192795499500638,-0.5826681028535899
ETS1,-1.2284709542569698,-0.5555948352541688,0.1652625691646658,-1.8479962938693781,-0.8871254378848308,-2.8050173557763127
ETS2,0.07930953037621341,-0.9912235969440378,-0.08628214406581629,-0.07796640869095378,-0.06642261938168,-0.5164425451474662
ETV3,2.268106828606499,-0.6358937502277765,1.477952395313951,1.6874469044906453,4.187966852611526,-0.003676530044199823
ETV4,0.39810013560876395,0.06453244721827377,-0.6200301535890532,0.8419840584250816,0.8522243562182815,-0.006366293347653901
EWSR1,0.110938804368094,0.3002970487857481,1.2183345598220614,-0.5902398384389812,-0.4890303335052804,0.8791847103469173
EZH2,0.5882636531698744,0.2851893567292983,0.0009156569636818924,-0.8992543663231506,1.1556898852062694,1.0026745894946627
FLI1,-1.1884696438983229,0.10451754485448146,0.20360783391923007,-0.6406304482531204,0.2134527283371461,0.48755003235985594
FOS,-1.4178643962409856,-0.004754015025456698,-1.5164439320360825,-2.4443847497228304,-0.22992081713829748,-0.15662428781471324
FOSL1,0.12863800933043248,1.81861133982468,1.9895067441706797,1.896405865614695,0.9333171252065224,1.6920247921716243
FOXA1,-0.3430734903948594,1.3544030663043174,-0.957573390734596,-0.8204713445314442,-1.2400965649606086,0.8143782053394987
FOXA2,-1.6348579365087668,0.23214427407893137,0.5463032083921143,-0.7356617503733766,0.8945780565133672,-1.958648003427504
FOXC2,-0.7853099460000726,-0.1892100978411736,0.06348238601897573,-1.517340264891102,-1.7871594790348615,-0.23795380586900722
FOXL2,-2.363660996896739,0.72790028179506,-0.052772387125517156,-1.5405015352757718,0.8665003924146354,-2.3962157611648074
FOXM1,-2.907816069651317,2.7260926834804913,-0.7202920465953172,-1.8669583443272966,-0.12803859618000152,1.1244094426886093
FOXN1,0.8691419886168424,1.021726797923691,0.6941169495090166,0.14105247361715803,-0.5791985655043451,-0.3897955753917529
FOXO1,-1.6597643398033708,-1.0741359876061347,-0.9906153855256533,-2.2577583306725733,1.7132400026454833,-3.005152771657036
FOXO3,-5.557470944595601,-3.363972593404617,-0.6611984746532633,-2.7016354640800704,-4.127783311274229,-3.7268400672739634
FOXO4,-2.918288233214303,-0.582506508113492,-0.6109763292366646,-0.32945643961536225,-0.5886585572474169,-0.6178901174278333
FOXP3,-3.204788391252953,-2.1158328271863756,-0.8829715058908505,-1.8184712041547086,-2.194931912807455,-3.5503832948630296
GABPA,-0.15690078012320519,0.4780643617035018,1.640932550024515,-0.09598792221336483,0.21129516386106403,1.3001466568320714
GATA1,-1.319517612409216,0.12275171640731335,1.539828063713447,-0.5865285732001416,-0.3182026425421906,1.5429094603400761
GATA2,-2.0706167948206593,-0.7286286383959493,-0.3073519259835426,-0.6575583999268166,-0.855724560577465,-1.342598312789549
GATA3,-3.484834542897052,-0.7856517573073519,-1.2352719396599667,-2.3677404759166674,-2.0798497698456635,-2.753703994291232
GATA4,0.22560472216873534,0.13436310791040162,-1.3427537361033632,-0.7362723539206943,-0.8046150796974695,0.2501758674667856
GATA6,-1.72203847447378,-2.4619371580298193,-0.48056771921601077,-0.9160879169672844,-0.7580534014099959,-2.2062597696513313
GFI1,0.5772110974368322,-0.13311662980438868,-1.2594082824640147,-0.545840171004103,-0.5489037252963096,-0.8312426046110346
GLI1,0.131615849182605,-0.024663440013315743,-0.3921387616316935,0.7064073233321105,1.4830825771700031,1.631548899688696
GLI2,0.10343358691437642,0.9417461792616031,-0.44668181066358936,1.5634551977843503,0.47620496977201654,2.260487339474245
GLI3,0.058705857076646425,-0.8053029852816764,0.9880075818187929,0.15857757200955247,0.7281560795775184,-0.28335346390050414
GRHL3,-1.2146234009902648,0.11879705379087241,0.6334184963799544,0.834762015598411,-0.6702105553734925,-0.15975765908335002
GTF2I,-0.43543715714607084,-0.8149235941323368,-0.4204682602438308,-1.2456860226864097,1.1613299486122792,-0.907950066316886
HBP1,-2.7687404435146927,-0.4679030337359018,-3.5555730389099,-3.5418465769879934,-3.439643072460882,-2.6506987706037877
HDAC1,3.004198109908653,-0.14101864610116938,1.1883435125558073,2.790132698862429,0.442245982772214,0.24173379031221837
HDAC9,3.4593826190782746,1.7705865887021954,1.9416238690446475,5.144404219670467,4.008496133564626,3.770941613774328
HES1,-1.9068482129446442,0.3294336227514969,0.6873937588096636,-0.7826846645418499,1.4790351732911722,0.9363869053237965
HESX1,-0.26256217176926844,-0.989055609724311,-0.16183662911357505,1.207772587855704,-0.4483880895764593,0.22021752218773502
HHEX,0.46315110151727185,-0.9232981473433493,-0.5458824114149119,0.669919897367545,1.7216041764184808,-0.5452003427427193
HIC1,0.17213360359733532,-1.0680274687875329,-0.32565819296311566,0.2719515016337873,-0.6956453603725248,-1.5578220891429666
HIF1A,-0.5089260137837284,-0.6189138448395975,2.1626323248961894,-0.24472584817257226,0.43911888083378586,-2.3001073807595374
HINFP,0.1194807668211214,-0.9210235044403952,0.19971707086553495,0.18838359974733213,-1.0404962808178633,0.5767080252844504
HMGA1,-0.47854237078970513,-0.6735661560090014,-0.47713310951695076,-0.46058045414286686,0.2637913324669745,1.0973776885057842
HMGA2,0.7400132632216441,-0.040125047676575855,0.2625512556883428,0.9172955656209484,-2.5322378537170094,0.08295852629399403
HNF1A,-0.54987438089662,-0.13272583608143973,0.6968848173274088,-0.9180181431745194,0.6183158573680175,0.7611710479695523
HNF4A,-1.088329348414806,-1.2081687914242967,0.1933460175822084,-1.537029543193103,-0.34293353253076025,-0.626921851324036
HOXA10,0.5547263081640338,0.10961830558976166,-1.1883624812576565,-0.28519797016460025,1.6901780911758761,1.154380401527523
HOXA5,-0.11041969553150216,-2.7001923821525593,-1.3051946822593044,-1.4674061969920609,-0.9457096678647509,-1.4263253761345367
HOXA9,1.8344069290270189,1.144063344530613,0.2503413433936156,1.3333106363708231,0.056333486668835316,1.024347997525307
HR,-1.0597599856940498,-0.2294111498320445,-0.8257713717277433,-1.6515986759219627,-1.5164755941346413,0.14582526007354477
HSF1,-1.5283228834226115,0.5181397405984478,-3.8055807598044935,-2.0805757746976132,-0.624034055446511,-0.9964780771160023
HSF2,0.6943360817885592,0.9843766732603786,-0.5033685232701279,-0.3268378508158091,-0.12763559405302252,-0.1963236113568229
ID1,0.2524618957168558,1.6478616511226614,-1.0696607183561075,-0.08788329071852832,0.07564792793347275,0.31921749885091705
ID2,-1.1388109266610793,-0.9709787952953428,-1.0452318543317942,0.5868527818279774,-0.7792551517955745,-0.22231826189370263
IKZF1,-0.42073090168698446,-0.3684717751462236,-0.5882797200436258,1.2921506514639716,0.358205870554333,0.854610924244757
IRF1,-3.073104518646034,-3.1039626172314887,-4.4854424908429635,-4.501047179963429,-3.728653888791446,-5.269406511400081
IRF2,0.32917074885210473,-0.49593133772262227,-0.9821332806856563,2.1355001767121133,-0.4518878517475775,1.5009352387476662
IRF3,-1.862832372327017,-0.2931119892453671,0.3607166320174869,-1.5339346360764656,-3.2242263819995913,-1.2014198118918948
IRF4,0.34004209065879026,0.7037720197414081,-0.8130116309110829,-1.8718328649412492,-0.515222235836566,-0.5466964344742048
IRF8,-1.050904180009532,-0.4515046919467246,0.5940659910039499,-1.0872628537253322,-0.8795195150281687,0.012078419332271417
JDP2,0.3694656259843184,-0.8803605799008678,1.1979872237593445,-0.49251960142673584,0.7216967532384142,-1.2880550296614715
JUN,-3.028058727355683,-0.2938852385687383,-0.9177056202362033,-5.868313723308791,-2.1053303446690177,-1.4714953701084652
JUNB,-1.551692796578664,-0.7552552471771278,-0.28329224618883314,-1.2968291108347367,-1.2450877197118329,-2.22150514282044
JUND,0.18074673032172298,0.38111480448715196,0.8019527393978718,-0.563463749511594,0.2813372144469701,0.05949435865222925
KAT2B,-0.38984196636927126,0.6788335063750989,0.6874203142524141,0.7349547059173437,0.22536582226577181,1.0368171729168725
KAT5,1.0109586603536072,0.7997750391286439,0.6058343295983858,-0.4075364689916102,0.3601038688858972,0.9754199646505246
KAT7,0.5726546259084578,-0.7716329865795882,0.6339262497677574,-0.3267450770469734,0.1950342749407665,-2.088544575671409
KDM5B,-0.40382376625255045,1.228516732021071,-0.2775048932022834,-1.2551937571651781,-1.9517101557726002,-1.1683275135028284
KDM5C,-0.8371736235082917,-0.8887669268460369,0.5306556308292257,-0.7902399623756488,-0.1655416298766409,0.8523625797608408
KLF2,-0.19015831248993295,-0.36865501025880953,-2.1203141893323956,-0.9939318952728181,-0.6354808309923593,0.17160464880893486
KLF4,0.5355735867628896,1.1368587081458505,0.5139241949047331,-3.0869042352999676,0.1370760609725211,-1.3310496028120413
KLF5,-1.984652899593715,1.4567633802582285,-1.1112086610072436,-0.8184757007846076,0.8230480831177833,0.4197420801920104
KLF6,-0.9246957999272608,-0.5686260569098464,-4.170820990819996,-1.1041836135626482,-4.511599870094641,-1.719801409394512
KLF9,0.7126451534771008,-1.924566708363555,-0.2167411439311975,-0.19041376621521947,1.2469103371028016,-1.7436727227621451
KMT2A,-0.06429812291667082,1.8204843307270526,-2.3937260270375713,-1.3691101213460435,-0.7904787032114231,-1.3222769238293732
KMT2B,-0.9557941100230319,1.1771376105459854,-3.703797835280237,-2.462357704422258,-0.7652447590571682,-2.0516297375503103
LEF1,1.5630590075056745,0.27079852320505265,0.38629772181541794,1.1595626515591189,2.1772445595206142,2.7176305045435125
LITAF,0.23524594929630396,-1.1567797808725622,-1.8276247300318293,-0.22082580972549382,0.14095960705541943,0.24580025729386432
MAF,-0.5577591446568839,0.3096892047877115,-1.3000419168341455,-1.4858472246416607,-1.2557511520968418,-0.7695168618722407
MAFB,-0.7968151905255989,0.481758232053399,-0.14216826322380832,0.7292617304518993,-0.18018339180692944,1.1857867052940658
MAX,-0.5523296875323833,-1.1516544467554548,0.676154862938616,-0.9171384531161477,0.15255547732611546,0.5353652333304973
MAZ,-0.7888544462794844,-0.5505790478932173,0.17766414094502503,-0.14157508074263608,-1.9514244705665635,-0.20380940074300485
MBD2,-0.17079738279545145,0.22823325605094388,1.4713380944793915,1.2103016055768794,0.5132488429409134,2.061491577510379
MEF2A,1.7842223908189319,0.3191248796515081,-0.9556734355155083,1.0638286560736951,0.408099746093268,2.8057556117102975
MEF2C,-0.24966520170210346,-0.8888445685811079,0.6624316414207914,1.2434369517340924,1.0106863234756396,0.5249753449146319
MEF2D,0.7448558106556472,-0.19610485353563153,0.5862083565003882,-0.24828800986920274,-0.32290202790899425,0.1719633238925269
MITF,-0.2414799274744415,-0.7554855371857967,-0.442623752405841,-0.1529778171158492,0.2837245958279168,-1.3939887813237304
MLXIPL,-0.329491412985344,-0.45865740112765985,0.396013300987592,0.6876747204690625,0.6224922408934037,1.1328137061526027
MTA1,-0.24147971657357767,-0.6639711588328875,-0.1356594577292344,-0.9265332362956695,-0.7264089231007482,0.4569882090290842
MTA3,-0.26993130683769334,0.6297594431846446,1.1054636461746552,0.7121301748378196,-2.587983421175447,0.27629766582039
MTF1,-1.0805526371163878,1.1029786379361635,-0.45137629613070074,-1.087040795011018,0.1318206452691566,-0.857405990626586
MXD1,-0.5785211209609779,-1.0175269049058684,0.31117889683588973,-1.3991082390088427,0.01480433222149927,-0.4324192261043298
MYB,0.31880213315713607,-0.4783466878454293,-0.27538252550954045,-1.766706895484648,-1.3305529544251626,-0.15566561273319238
MYBL2,-0.4715055681832243,0.3293427213899412,-1.294027365936858,-0.31860545989292355,-0.0520861543026795,1.4853166108778868
MYC,3.914237422045673,2.433463282241569,-1.5067179288565709,-2.5615962434733976,2.253625382684285,-0.07507855309615877
MYCN,1.3713561751012782,2.7561252042737108,0.39495176915281166,-1.1392797566648323,-0.7935602024993458,2.2244438593631974
MYOD1,-0.6337040762092341,-0.6962029854538374,1.6649131070599228,-0.2633095156004327,-1.7238291493670161,1.6986122091006437
MYOG,-0.6133584872369818,-0.6023529214582763,0.1457554304926707,0.38974365427035673,0.21250856553033112,0.554402628308742
NANOG,-0.00177249174296553,2.4829713643278346,1.2056753536220903,-0.265374555688873,0.2129652574537906,1.2112546011988814
NCOA1,0.44299569572696146,-1.2519367335021656,0.7661849281611838,-0.16346458220436214,0.021035939358863154,-0.11438427537183725
NCOA2,0.6351340971231877,-0.9942126587684693,0.6252714501284485,0.2491690623655881,-1.774775265011386,1.4018079827349874
NCOA3,0.957829711913183,1.2024944402702926,1.2437095661813031,-1.0942758381628552,-1.034630051958387,2.6594051789126674
NCOR1,0.688705114372603,-0.5928531093132983,0.7333284782722174,-0.5546671132684748,-0.14830532458239526,-0.0710230624968675
NCOR2,0.03079675641834658,-0.284333267573265,1.4164800980509997,1.5319699943911094,0.7195663009598756,0.2234319672953341
NEUROD1,-1.67748812149531,-0.8693182559235307,-0.2925541490915571,-3.145573858386073,-2.5392019068499834,-1.8384638953403023
NFAT5,-0.9460297569973349,-1.359652764244054,-1.2245603445952575,-0.5190804558936933,0.09868932969997775,-0.431413070501186
NFATC1,-0.5938640372192874,0.30213666623042945,0.40829009627830387,-0.07082992964351105,-0.945308122665641,-0.3297403961557128
NFATC2,-1.115089467805965,-0.15329472093771704,-1.6020851153638813,-2.640907760403417,-1.3040656805724626,-1.9179330294741102
NFATC4,0.4068005896473981,1.3201560560927048,-0.13450772202321343,0.8143565105216692,0.7731054247781275,1.0301125961485535
NFE2L2,-0.383965749412497,0.23725026689209527,0.19660214752955543,-2.778438780253394,-1.3690920814375582,-2.77731858426854
NFIA,0.8394766855952929,-0.5910915751911314,-0.5103318364192101,-1.0142500043746059,0.8534789789528917,-3.4449323950831667
NFIC,0.688853760308841,1.2441664434862414,0.3742898438983698,0.03674465941449324,0.7052955831128785,0.250519360201263
NFKB,-4.8995012541507545,0.6664738129366177,-4.2423792778696905,-8.035261917562606,-6.2415714775220685,-6.16075738550826
NFKB1,-5.249868432121537,0.29524797231166555,-5.716617810784446,-8.731137458801207,-8.439410007706812,-7.337507134986249
NFKB2,-2.485995909221849,0.3434710622417726,-5.482774560842241,-5.633932609035314,-6.207893100793734,-4.7023956609385555
NFKBIB,-2.7945046615820655,2.1677706463639335,2.894820821656046,-1.5312471073459735,-1.193633966375966,-2.9583915550137885
NFYA,-2.2748683131557237,0.6812721512083548,1.1723716982251213,-1.4057144286301086,-0.4481412284228566,0.9560172160635139
NKX2-1,-2.837161822728422,1.481789498722661,0.5834864677102666,0.04097244145543774,-0.15244308431782028,-1.3572537437855632
NKX2-5,-0.6737269162030131,-0.01939162221377896,0.42831625938081186,-0.45831521609421416,-1.4726216880803265,0.8223924961590331
NKX3-1,-1.954195567515364,-1.1171909519471694,-1.647585772195541,-3.1753474854001524,-2.11069256516096,-0.8498199062206192
NOTCH1,-2.913403233882915,-0.34645632019727685,-4.012933171691249,-3.9316825185210003,-7.135173878848329,-3.6668614721479136
NPM1,-0.876558353113515,-0.3541864689440613,0.21715161686928622,-0.6683799040339707,1.1834167532619013,-0.003930868485622409
NR0B1,1.621867076285502,-0.578579123835152,0.31391405047110704,3.17838034038097,-0.24737288254861747,1.2174587987005827
NR0B2,-0.4870316932421916,-0.5550990187768983,-1.2021598666654059,-0.2620696348883863,2.6418722611378254,-0.8323044905805568
NR1H2,0.9238528613457964,0.005680698250516439,0.0162777988711012,1.6320834256401273,-0.1228173228648392,0.0802595122683182
NR1H3,-0.9785161281788104,0.47148675432935444,-1.1920195142293835,1.6592327543196381,2.3009563764591427,2.2394251127920053
NR1H4,-0.6621671343792356,0.041333736245554205,-0.7891958512702639,-4.031556802618767,-0.7199555223506008,-0.4080583210051006
NR1I2,-0.1788667122515259,1.8329228859145943,1.4957580360969425,0.076941244070189,-0.19847842829881432,0.9310094449253067
NR1I3,1.872902623307961,-0.6391487854179501,0.47367542958446124,1.1446932954545244,0.443995337289616,1.4865938638547562
NR2C2,-1.642199217846105,1.4276167287731294,-0.9397967773920157,-0.8752184071300646,-2.1866345539609,-1.7600966417338424
NR2E1,-0.7870879525632598,0.2359306873708087,-0.33572563524265936,-1.038773809883086,0.2837432480148132,0.24780680436581676
NR2F1,-0.6619502535058147,0.5291757661738392,-0.7283641641382574,-0.36871781147840793,0.18638058687803097,-0.2127054968584016
NR3C1,-1.9999225943527712,0.3980926662484979,-2.056653755786333,-0.7733262161433998,-0.7658390845663294,0.0890637823368996
NR3C2,0.4470880220593718,-0.6792013051783644,-0.2617680466585858,0.9887625776422516,1.059042536583901,1.6818273914945285
NR4A1,-2.9671090276756007,-0.9235741633672897,-2.519453318849148,-3.791199299564054,-3.095626847918106,-1.8285982433543502
NR5A1,1.2925104661048459,-0.6155550565859617,0.5264787388070413,2.574038888336922,0.16965132316289183,0.19344981107924067
NR5A2,1.0836213901605378,0.331040665376877,0.04198602321540872,1.0070696192225257,1.9267549418879748,1.0431078490757582
NRF1,-0.10684756091330239,0.6413221832266025,-0.5079498273465823,-1.5620590334412354,-0.12077427153250853,0.01576210979473314
NRG1,-1.3045242343091081,0.39895971687873094,-0.5194300703505239,0.8735491319160881,-1.02441712741365,0.11373718136889649
NUPR1,-0.29458221610058355,-0.3225672435302155,-0.5474120883396271,-2.002039834015479,-0.6658989411776186,0.26869495735766125
PAX3,-2.785404883545401,0.10934007375117462,-1.6593523797858012,-1.6422957564726157,-3.3190180680057892,-0.2693364656890047
PAX5,-2.987461697421985,-1.708653897987733,-0.25523806703496077,-1.5679942926508506,0.732339046668241,-0.5205005737862612
PAX6,-1.2747908369359893,0.39894620288127697,0.37127800725630417,0.06984014764539427,-1.4030410526684978,2.131790279712222
PBX1,0.7342346188129313,-0.8005726353510773,-0.815231529325748,2.279613038622279,-0.4112624784960119,1.667786303059054
PDX1,0.27237764079869436,0.0668635778092906,0.9834557186839942,1.9438013279206054,0.040609047994227924,1.3956711699327686
PGR,-1.7659932846896613,-0.5949889632445564,-2.921703518058959,-1.0509904934714798,-1.5159767811068812,-1.241229148826005
PITX2,-0.31480613449229694,-0.42885983069714106,0.18364564471978687,-0.3678251429328567,0.16720924348633276,-0.1904006062021787
PML,-1.8531281836389282,-0.42128285680747274,0.7179172722922431,-2.5146308925654792,-0.5823570687527002,-0.5752237759513961
POU1F1,0.02885921990665189,-1.5734139674213667,-1.7510346216720047,0.011463190398442038,-0.8361001305163774,-0.5110803532217498
POU2F1,-1.016070814918686,0.260803811748104,0.7008874669494439,-0.3140537938566941,2.4033154216199515,1.5521750130479606
POU3F2,-1.8020862183112505,-0.1923454198553116,1.309862569546831,-0.14663090877565563,-1.556894934179181,0.6503633008722473
POU4F1,-0.8548223004293969,0.25614609647869474,-0.515970048493267,-1.9011041163577043,-0.9703451878265236,0.7662082532298564
POU4F2,0.36699521111152805,-1.0480643839525303,-0.7388795350665002,0.6678260013667436,0.2748427353315724,-0.4366558943558442
POU5F1,-0.3675533038898922,2.858350240764242e-05,0.4395751945694578,0.11452183567271206,0.059530002157806766,-0.03068570865370069
PPARA,-2.8076255535650207,-1.3606362236933065,-0.056100442034668706,-3.576356030728704,-1.6381563598988549,-2.2315781802451755
PPARD,-2.506842914740127,0.6495104372596907,0.13324463007487689,-2.7851060800865115,0.04287211056412302,-2.024234314670827
PPARG,-0.5490472271328061,-1.5987375129256747,-2.4508453552061367,-0.5492449864242498,-0.9753532748857828,-0.7056517395497895
PPARGC1A,1.2091307155775342,1.4046630551194224,0.1945430172457352,0.20976527575781923,3.1686963319912262,-0.8347253696721437
PRDM1,-1.0984560105476533,0.11540004118641715,-0.3965629426875842,-1.4396429423044275,-1.0992117429008006,-1.1682761226515666
RARA,-3.4827260027267544,-1.663156048884789,-1.396459646323004,-2.86744787032005,-4.4231815710747275,-2.4561065594425227
RARB,-0.2619788216583936,-0.6536814754086366,0.7778687285311277,-1.0062425229864589,-1.7789512989080238,0.22227678612514884
RB1,-0.4938401734383574,-2.0345649645058703,-0.23394437282674546,-0.8506707451113263,-0.022517670104715698,-1.6385558770110356
RBPJ,-3.5648037527280927,1.331032228954098,-3.785941362117665,-5.543245785366359,-5.393991360952526,-4.111724353491626
RCOR2,1.3311838939961231,0.8007506240270384,-0.5715633018324627,0.6718481659454912,-0.635674874209018,0.09399341976155412
REL,-6.926878229402447,0.7633109982158921,-5.008897277444031,-8.01590218019871,-6.056469062783292,-5.791750945662988
RELA,-4.309879099341711,0.6147446707315765,-4.809458518706492,-6.015290643962549,-6.84675962684192,-6.748561336840832
RELB,-1.5205139108528907,1.1819053388699372,-0.3479433944575745,-3.1704607417915263,-2.6044483187470955,-2.6066021527950385
REST,0.35200277232146215,-0.3024876234844711,1.010486937747589,0.3617008593877809,0.7641794935050635,-0.06474029361162127
RORA,0.39450018163659606,0.5242934831076875,-1.2230769165099298,-0.4566498904830051,-0.3548793728291169,0.69941188880606
RUNX1,-2.4779540397279582,-0.6605602152022685,0.01996647973216905,-2.6529173028738664,-1.9608156367659593,-2.3630561390004354
RUNX2,-1.8273842319826155,-0.04986615964318726,0.4598235919221706,-0.7260742380058007,-1.822158871902638,-0.3962964470164328
RUNX3,0.029154217776283676,-2.3439107905311922,0.22941672604130686,1.4027187604134097,0.47146349540710714,-0.30863109096276575
RXRA,0.5514187006152815,-0.4514142319207852,0.45448248258315044,2.126424817327521,1.258024453743229,1.2246766053549487
SATB1,-0.04456931537261846,0.617001430161815,0.43716287334164855,-0.862098102185312,-0.5216187045036597,0.7775236361769546
SATB2,0.7871928803875806,-0.818551863519147,0.28151861758123864,-0.5315534506632906,0.00804254402347146,-0.15642392656204607
SFPQ,0.08873933252176258,0.3709381726218806,-0.2013621011596131,-1.4538852981976715,0.6311334738817244,0.07427176590665667
SIRT1,-2.3587200976877707,0.9959720953800384,-1.5853074663729547,-0.7428898781514202,1.4623310438389576,-0.8512416164732958
SKIL,-0.30951047139879007,-0.3402428240074692,-0.6925979971151511,-0.3081461961451707,0.7725823434913542,0.09260151318831807
SMAD1,-0.06125056235914998,-0.22859826878849965,-0.4403039967083788,-0.6044246411178991,-0.5481251709763193,-0.1533147398887061
SMAD2,0.857889347858845,0.1426360928720189,0.35912364924843165,-1.063067605841484,-0.1842080435259983,0.7069855776617049
SMAD3,-1.6051158984523772,-1.0203992921434504,0.6385535485048982,-1.1223304390549929,-0.9621873798217027,0.6452126233335687
SMAD4,0.4368966333941608,-2.1364350921642306,-0.32004144380249094,-0.5888538007830103,0.6499207674911318,0.10980245623276884
SMAD5,-1.4340405799714069,-1.9650174971532024,-0.647152252643374,-0.24328387675574153,0.33025450554854296,-1.8022539713448207
SMAD7,-1.8697399517045594,-0.9565303073091138,-2.8514292377392243,-1.172070727507203,-2.7697713553800827,-1.9284056981662985
SMARCA1,0.44241779628207545,0.5742086897129237,0.2680454582548608,-0.3947371284193618,0.18635719845108092,0.6731563166594005
SNAI1,-0.6760370506806089,-1.7386301253761869,-0.27440005557444164,0.2564728172677345,0.5517724502249897,-1.4677305443457778
SNAI2,0.698184731716572,-1.0936951586081172,0.41863787804954206,0.740178574603517,0.47983419953578826,-1.1284254840681944
SOX17,0.9884952300879707,0.22025816223029973,1.070342148000583,2.489453644054044,1.3667487172044777,1.6707831072024275
SOX2,-0.8704725025868183,-0.9403238259078647,0.7683434362633785,-1.3400630326280185,0.42490464505775216,-1.1003865329192841
SOX4,0.5167141139376369,-0.6919091403066577,0.9960599349177177,0.443387473656428,0.0765537163844361,-0.09541243572405979
SOX9,0.31464938385230956,0.6022354960556372,-0.11887901241722179,0.36781424472714447,-0.08704346699357793,-2.5553871026483304
SP1,-3.3470692867827183,1.4687245055415774,-1.273769653979875,-4.847960352162215,-3.5998384189736052,0.3608695300417883
SP2,2.0908825452720525,0.34334905210319866,-0.6769702246697681,0.803678412878993,1.2782433049801911,2.4057015753543336
SP3,-2.041528461666011,0.7332907804561112,-1.211085398530486,-3.1241426488955386,-1.942119457593793,-0.9303494985839604
SP4,-0.3905487040616833,-0.13273881367344217,-0.44260290406855773,-0.7580890589816767,-2.192492809370551,0.8359080765024143
SPI1,-3.339244484186545,-1.812669059119075,-2.4935694657795295,-2.487206978153356,-2.1842990858192435,-1.7033275167181068
SREBF1,-1.6303250299503829,0.498019702991675,-0.6019572009907795,0.029366005839088365,0.8770573921521497,1.0722755778930455
SREBF2,-2.0582772646430376,0.05088831951231581,-0.4211602956659866,0.15899026346973352,0.7243331889189633,1.4055639667019324
SRF,-0.031070702279482516,-0.33369866104706347,-1.524123392476388,-1.3269280487537531,-0.7670902095292864,-1.8306208832375843
SRSF2,0.12351696122586878,1.5242339855164853,1.3721990377976971,-0.6085300198616113,0.8984941420066788,1.4321966816182312
SRY,0.6804356551466584,0.4128871764461132,-0.5372814383409349,-0.18701600522144657,-0.5221082361378417,-0.13719708511431883
SSRP1,-0.8948273363463746,-0.22627484063996717,-1.9137140335006602,-2.947670253666495,-2.1690802491579784,-1.5625934704128372
STAT1,-4.438188442860907,-1.704472134800234,-0.3481784664198681,-5.865016677454413,-3.9493058674241857,-3.242451486744983
STAT2,-4.144012830980132,-1.1830977483771066,-0.906532074374787,-5.024129469476774,-5.959413054344616,-2.701520295769068
STAT3,-2.5031380366817513,0.041225505073921004,-0.8324774442261469,-3.376203320739414,-0.1672006263660363,-0.7239261865701145
STAT5A,-2.068313859968714,-1.7414121330215542,1.4606159321257022,-1.3782819595264786,-0.6323398063222253,-0.7923533456549672
STAT5B,-1.3417410057054049,-0.3236439436273341,1.3600950360353636,-1.7935018685177975,-0.49654521545167984,-0.0767156934826572
STAT6,0.46293582266615607,-2.4175324072729976,1.0280995301315998,-1.8086951546965344,0.43054884808314975,-1.163374338861696
TAF1,-0.75021375559164,-0.729605124195683,-0.5745408250023673,-0.1987162494812722,-0.07464576436030644,-0.007206852536527453
TAL1,-0.08606226881864538,1.51941322884741,0.872211034380737,-0.14498643530046498,0.930640636778045,0.30829210074171043
TBP,-0.29530265887934837,-1.424947910986634,-2.036038465822708,-0.6437036930520811,-0.6660388673641189,-0.5174477995748338
TBPL1,0.9467978885969514,1.2676150845914655,-1.4692694238330875,-0.4691102256557986,1.2465504846190114,0.8713501772590846
TBX15,0.2105176471139511,-0.814185344823179,-0.03918935365750333,-1.0378957136367246,-0.6654409405052343,1.0168615517028432
TBX21,-2.1864682520865992,-1.3593696216199622,-0.9797423998681705,-0.7805556868761958,-0.27611830863332465,-2.1371599120305524
TCF12,-0.312731681224208,0.4133982022585444,1.1655072166846772,1.486804981737874,1.1628054618368968,-1.0790033535514816
TCF3,-2.504117269120077,-0.6019493134175852,-2.0582819293931154,-0.8902708436289328,0.957236299307503,0.4682869357593647
TCF4,1.54127345717386,-0.4325267677440999,0.5899213846774211,1.6420243703269846,0.7359590490823058,2.467896893001375
TCF7L2,0.7095129434956612,1.8488248621716756,0.27485040339308026,-1.2446387560772258,-1.05643982800731,0.294119702159046
TET1,0.48833399099611396,0.419687427392184,-0.4775063766708464,1.367942339952349,0.6150207081046742,-1.406179067296716
TFAM,0.41173521669519025,1.1222135450047666,0.7155108159220557,-0.47115462483387816,1.0954239282141678,0.04513001461323562
TFAP2A,-0.7743705577196498,0.33065972768282687,0.2171823287848627,-1.544269564605995,-0.9383530967402807,1.3866125276935677
TFAP4,-1.6645272575835022,-1.4835509753907627,0.20054600417585206,-0.4434263383007039,0.5969499963617809,0.41644776908603504
TFCP2,-2.433261645043972,1.2687438714977106,-4.29225965591039,-1.935619288236194,-1.5223580015388394,-1.0609893081970043
TFDP1,-0.4444318007474158,3.89167109245172,-0.41153786599744946,0.6495592774017047,0.9407466132414991,3.363735348844116
THRA,-0.7368856762245356,-0.5641606030989641,-0.20338913730215558,-0.702234089747668,0.1694505280498737,0.06897627123991337
THRB,-0.2659501631975746,1.1909021739167587,-0.59403176718527,-1.0653734963754695,0.455434235265245,0.20571797104414674
TP53,-1.0247370174675163,-1.7314993674578278,-0.3557515830836516,-2.701975093404974,-2.5616562653925294,-4.0773764162150385
TP63,-0.3570271377601172,-0.0862056372079593,0.613661407306551,-0.8926018109838652,-1.5037921487686199,0.4272437051216924
TP73,1.0973367697122045,-0.2717376003654822,-0.17015535285708558,1.0816840370404388,-0.5909660378978456,-0.23148430568961745
TTF1,-1.5450904915354933,-0.8528356873949084,-0.0011296466931674755,0.21581576834058286,-1.2259852027469653,0.14277224818517686
TWIST1,0.4756653891964755,-0.3241215581010181,0.8287753594868197,-0.7042542368847029,0.9215623464488784,-0.026191356634694917
TWIST2,1.2254720416430738,-0.474153007003705,0.9850400355864221,0.5289334471793795,1.6761757223285365,-0.09558996102640653
USF1,-1.0912250162671644,0.3483090366878704,-1.4025893448080666,-1.4454466757060784,-2.285186684512249,0.3621885609486309
USF2,-0.7824687413084996,1.6350285717573112,-0.2735556503567817,-1.1361668108749594,-2.4467876507570603,-0.022294876124733368
VDR,-1.6262683704779262,-0.1082066224484397,-3.3534382748694314,-1.0928947520344399,-1.3215890294336912,-0.38578060018841803
VSX2,0.10150148756887617,-0.7542231902187888,1.1058397045714876,0.198662426613676,-1.028080470143775,-0.5096662059201806
WT1,-3.0613284996351724,-0.8353912265040507,-0.19626508885323685,-1.4548546553873278,-1.1153244956199702,-0.38714216416210623
XBP1,-3.2466885150196343,-0.21922408181398872,-0.9731115851256279,-2.8740736866911507,1.1671478649147893,-2.7921115101877065
YBX1,-1.0983898162245043,-1.586209693298031,-0.5152954142839992,-0.16800816775066926,0.5335220353685942,0.1152414967936722
YBX3,-2.494733582366779,0.24587615257300036,-1.680545923292172,0.5691244334065171,0.047486613079364325,-0.7354403588273012
YY1,0.11975579963895791,1.9078662892420473,0.18592984123370696,1.4980907736511517,1.2197289438732393,1.6737702944546937
ZBED1,1.110585801824101,0.9079404661512782,-0.9357100364992519,-0.016037137187939234,0.955066969251385,1.1606725136936553
ZBTB16,0.048564525414415145,-0.043779346329634705,-1.0962446201501193,-1.6082202460509087,-0.6466035814950432,0.06708385904911893
ZBTB17,-1.2106825374765384,0.38498387590832744,-2.5670906334615835,-0.6865093593097572,0.3158234952868365,0.6505628666499633
ZBTB4,0.8478346131303313,-0.4120563426695941,-1.0772590042500132,-1.681440782135278,0.887649466419045,-0.1938416535475892
ZBTB7A,-1.9110839177532823,-0.8934821275524338,-2.8235910798589363,-0.8115814285733659,-0.9799261478698542,-0.90444553529411
ZEB1,-0.21107097990111257,1.7896619247112562,-1.2722992625397886,0.6008952488040288,1.123668094837366,-0.6636988404372921
ZFPM1,0.6908873400270628,-0.3083613974619714,0.678341451867664,-1.0937610157095154,-1.252805978925832,0.44438903601315405
ZGLP1,-0.07768565809217311,0.316896344110953,-1.5120147966240407,0.5742499642105965,0.15364420933125567,1.7506240268837487
ZNF143,1.0179988650237217,3.10028312523863,0.6170435683028103,-0.276547240957673,0.921455744986743,2.245116649914518
ZNF148,-1.7962006037694578,0.12618843592050444,0.4964147249779232,-1.3424337854989663,-0.7164187460029962,-1.2526991798897162
ZNF331,0.32914159173933294,-0.07720312484888599,-0.3848622708528543,1.164684952197329,-0.21187740379935516,-0.43416808879694047
ZNF382,2.6205089597679816,0.48291060228554467,2.606125918178176,3.288869261488669,2.797360809405484,3.6402846737659624
ZNF699,0.009993030912520115,0.155626552630289,-0.4756245436598962,0.15113997600622325,-1.4586590095275207,0.05748934699231593
ZNF91,1.033868281366102,-0.884034796805406,2.063387978216413,0.6238160403361733,-0.3747829246186215,0.4660610719746388
